2 0.50234375 0.5325 0.0359375 0.05
5 0.4265625 0.5133333333333333 0.07291666666666667 0.11833333333333333
6 0.13046875 0.20541666666666666 0.021354166666666667 0.07583333333333334
6 0.2911458333333333 0.22125 0.01875 0.07083333333333333
6 0.03619791666666667 0.34458333333333335 0.0140625 0.049166666666666664
6 0.19114583333333332 0.47291666666666665 0.007291666666666667 0.0225
2 0.012083333333333333 0.5304166666666666 0.024166666666666666 0.0275
5 0.09010416666666667 0.5154166666666666 0.08645833333333333 0.059166666666666666
2 0.07630208333333334 0.495 0.04635416666666667 0.035
5 0.16354166666666667 0.5183333333333333 0.0125 0.025
2 0.21276041666666667 0.5154166666666666 0.0265625 0.029166666666666667
2 0.24427083333333333 0.5195833333333333 0.04895833333333333 0.03916666666666667
2 0.46171875 0.5220833333333333 0.0026041666666666665 0.0125
6 0.41875 0.3770833333333333 0.007291666666666667 0.030833333333333334
6 0.10208333333333333 0.3675 0.0125 0.03833333333333333
6 0.47994791666666664 0.37083333333333335 0.0078125 0.03166666666666667
2 0.27109375 0.5179166666666667 0.03802083333333333 0.0375
2 0.3494791666666667 0.5633333333333334 0.115625 0.125
2 0.2942708333333333 0.52 0.016666666666666666 0.02666666666666667
2 0.47578125 0.51875 0.0265625 0.010833333333333334
2 0.09010416666666667 0.78 0.18020833333333333 0.44
6 0.5969618055555556 0.4345833333333333 0.00642361111111119 0.021944444444444475
