2 0.44036458333333334 0.5283333333333333 0.059895833333333336 0.08
2 0.16276041666666666 0.6883333333333334 0.3255208333333333 0.44666666666666666
5 0.47161458333333334 0.4975 0.0484375 0.08666666666666667
2 0.5221354166666666 0.5066666666666667 0.0234375 0.03333333333333333
2 0.31640625 0.5170833333333333 0.0765625 0.0875
2 0.26953125 0.5079166666666667 0.049479166666666664 0.04083333333333333
6 0.4921875 0.27458333333333335 0.0125 0.050833333333333335
6 0.39791666666666664 0.28833333333333333 0.0125 0.05
6 0.8213541666666667 0.10333333333333333 0.030208333333333334 0.09
6 0.06901041666666667 0.4395833333333333 0.0078125 0.034166666666666665
2 0.5028645833333333 0.5016666666666667 0.013020833333333334 0.01
2 0.4125 0.5145833333333333 0.014583333333333334 0.0475
2 0.23776041666666667 0.49083333333333334 0.022395833333333334 0.016666666666666666
2 0.2765625 0.4920833333333333 0.035416666666666666 0.0225
