2 0.51796875 0.5304166666666666 0.05260416666666667 0.06916666666666667
5 0.4166666666666667 0.5070833333333333 0.10104166666666667 0.16083333333333333
6 0.2234375 0.2608333333333333 0.015625 0.06333333333333334
6 0.34791666666666665 0.2704166666666667 0.015625 0.0575
6 0.11614583333333334 0.35791666666666666 0.0125 0.04083333333333333
6 0.234375 0.4683333333333333 0.007291666666666667 0.023333333333333334
2 0.05755208333333333 0.5179166666666667 0.021354166666666667 0.020833333333333332
5 0.1375 0.4920833333333333 0.06041666666666667 0.0275
2 0.128125 0.48333333333333334 0.034375 0.03666666666666667
5 0.21015625 0.50375 0.034895833333333334 0.029166666666666667
2 0.24791666666666667 0.5033333333333333 0.017708333333333333 0.023333333333333334
2 0.2799479166666667 0.51125 0.04010416666666667 0.0325
2 0.48020833333333335 0.5070833333333333 0.014583333333333334 0.019166666666666665
6 0.440625 0.37958333333333333 0.007291666666666667 0.029166666666666667
6 0.16432291666666668 0.37375 0.011979166666666667 0.035833333333333335
6 0.4953125 0.3745833333333333 0.007291666666666667 0.030833333333333334
2 0.3028645833333333 0.50625 0.0328125 0.034166666666666665
2 0.17630208333333333 0.5870833333333333 0.2765625 0.17916666666666667
2 0.3294270833333333 0.51 0.04010416666666667 0.028333333333333332
6 0.6013020833333333 0.43625 0.0078125 0.03166666666666667
2 0.026497395833333333 0.5175 0.044661458333333334 0.0325
