2 0.50625 0.5345833333333333 0.0375 0.0525
5 0.42682291666666666 0.5158333333333334 0.08072916666666667 0.12333333333333334
6 0.178125 0.2425 0.019791666666666666 0.065
6 0.31875 0.255 0.016666666666666666 0.065
6 0.07369791666666667 0.35541666666666666 0.0140625 0.0425
6 0.2078125 0.4775 0.007291666666666667 0.023333333333333334
2 0.03411458333333333 0.5318055555555555 0.038715277777777786 0.02861111111111105
5 0.11223958333333334 0.5154166666666666 0.07552083333333333 0.0575
2 0.09791666666666667 0.4995833333333333 0.03958333333333333 0.035833333333333335
5 0.18619791666666666 0.5195833333333333 0.030729166666666665 0.0325
2 0.22604166666666667 0.5183333333333333 0.019791666666666666 0.021666666666666667
2 0.2557291666666667 0.52375 0.042708333333333334 0.03916666666666667
2 0.4671875 0.5241666666666667 0.008333333333333333 0.013333333333333334
6 0.4270833333333333 0.3854166666666667 0.007291666666666667 0.030833333333333334
6 0.13020833333333334 0.375 0.0125 0.03833333333333333
6 0.48489583333333336 0.37958333333333333 0.007291666666666667 0.030833333333333334
2 0.28072916666666664 0.5079166666666667 0.01875 0.0125
2 0.32916666666666666 0.5716666666666667 0.14270833333333333 0.135
2 0.48072916666666665 0.5216666666666666 0.020833333333333332 0.011666666666666667
2 0.07317708333333334 0.82375 0.14635416666666667 0.3525
6 0.5963169642857142 0.444702380952381 0.006919642857142823 0.02821428571428574
2 0.010416666666666666 0.5308333333333334 0.020833333333333332 0.035
