2 0.5174479166666667 0.5395833333333333 0.04635416666666667 0.06416666666666666
5 0.4234375 0.5183333333333333 0.09583333333333334 0.15
6 0.22135416666666666 0.27166666666666667 0.015625 0.06333333333333334
6 0.3463541666666667 0.28125 0.015625 0.0575
6 0.11354166666666667 0.3695833333333333 0.0125 0.04083333333333333
6 0.23333333333333334 0.47833333333333333 0.007291666666666667 0.023333333333333334
2 0.062239583333333334 0.5308333333333334 0.0390625 0.025
5 0.13776041666666666 0.5166666666666667 0.059895833333333336 0.056666666666666664
2 0.1265625 0.4979166666666667 0.034375 0.035833333333333335
2 0.28046875 0.5204166666666666 0.03697916666666667 0.029166666666666667
2 0.478125 0.5170833333333333 0.015625 0.019166666666666665
6 0.4395833333333333 0.39125 0.007291666666666667 0.029166666666666667
6 0.1625 0.385 0.0125 0.03833333333333333
6 0.4953125 0.38625 0.007291666666666667 0.030833333333333334
2 0.3020833333333333 0.5191666666666667 0.036458333333333336 0.03333333333333333
2 0.23880208333333333 0.5875 0.23802083333333332 0.165
2 0.32890625 0.5233333333333333 0.03802083333333333 0.03
6 0.6009548611111111 0.44666666666666666 0.0078125 0.03166666666666667
2 0.025520833333333333 0.5289583333333333 0.04895833333333333 0.035416666666666666
