2 0.5125 0.5370833333333334 0.041666666666666664 0.059166666666666666
5 0.4265625 0.5179166666666667 0.0875 0.1325
6 0.20572916666666666 0.2625 0.017708333333333333 0.065
6 0.3359375 0.27291666666666664 0.015625 0.059166666666666666
6 0.09765625 0.3645833333333333 0.0140625 0.0425
6 0.22395833333333334 0.47833333333333333 0.007291666666666667 0.023333333333333334
2 0.05130208333333333 0.5320833333333334 0.03697916666666667 0.02666666666666667
5 0.12864583333333332 0.51875 0.06770833333333333 0.05416666666666667
2 0.11666666666666667 0.4995833333333333 0.034375 0.035833333333333335
5 0.20078125 0.5179166666666667 0.0328125 0.0325
2 0.23515625 0.51375 0.019270833333333334 0.020833333333333332
2 0.47213541666666664 0.5195833333333333 0.0140625 0.020833333333333332
6 0.434375 0.39125 0.007291666666666667 0.029166666666666667
6 0.15052083333333333 0.38416666666666666 0.0125 0.03833333333333333
6 0.490625 0.38458333333333333 0.007291666666666667 0.030833333333333334
2 0.29375 0.5054166666666666 0.019791666666666666 0.005833333333333334
2 0.2984375 0.5775 0.18020833333333333 0.145
2 0.4875 0.52 0.01875 0.015
2 0.04479166666666667 0.8616666666666667 0.08958333333333333 0.27666666666666667
6 0.5986979166666665 0.44702380952380955 0.006919642857142823 0.029047619047619076
2 0.01973958333333333 0.53075 0.03947916666666666 0.03650000000000006
