2 0.06354166666666666 0.5141666666666667 0.053125 0.06333333333333334
5 0.09166666666666666 0.49 0.04583333333333333 0.07333333333333333
2 0.13333333333333333 0.5004166666666666 0.020833333333333332 0.0275
6 0.01640625 0.09458333333333334 0.0265625 0.09916666666666667
2 0.11901041666666666 0.5008333333333334 0.0036458333333333334 0.008333333333333333
6 0.35885416666666664 0.32708333333333334 0.023958333333333335 0.09083333333333334
2 0.15494791666666666 0.4975 0.0234375 0.013333333333333334
2 0.7231770833333333 0.4925 0.0078125 0.02666666666666667
2 0.019791666666666666 0.51375 0.03958333333333333 0.04583333333333333
2 0.8549479166666667 0.47583333333333333 0.07552083333333333 0.085
