2 0.5057291666666667 0.5345833333333333 0.0375 0.0525
5 0.4265625 0.51625 0.08125 0.12416666666666666
6 0.17526041666666667 0.24125 0.019270833333333334 0.0675
6 0.31666666666666665 0.25333333333333335 0.016666666666666666 0.065
6 0.07109375 0.35625 0.0140625 0.0425
6 0.20625 0.4775 0.007291666666666667 0.023333333333333334
2 0.032552083333333336 0.5317361111111111 0.03888888888888889 0.02847222222222219
5 0.11145833333333334 0.5175 0.07395833333333333 0.056666666666666664
2 0.09661458333333334 0.4995833333333333 0.04010416666666667 0.035833333333333335
5 0.18541666666666667 0.5195833333333333 0.030208333333333334 0.030833333333333334
2 0.22526041666666666 0.5179166666666667 0.0203125 0.019166666666666665
2 0.2552083333333333 0.5225 0.04479166666666667 0.03833333333333333
2 0.4666666666666667 0.5233333333333333 0.008333333333333333 0.015
6 0.4265625 0.3854166666666667 0.007291666666666667 0.030833333333333334
6 0.12864583333333332 0.375 0.0125 0.03833333333333333
6 0.484375 0.37958333333333333 0.007291666666666667 0.030833333333333334
2 0.2799479166666667 0.5091666666666667 0.018229166666666668 0.016666666666666666
2 0.3307291666666667 0.57125 0.140625 0.13583333333333333
2 0.48020833333333335 0.5204166666666666 0.020833333333333332 0.014166666666666666
2 0.07447916666666667 0.82 0.14895833333333333 0.36
6 0.5961309523809525 0.44446428571428576 0.0071428571428571765 0.028452380952380927
2 0.009635416666666667 0.530625 0.019270833333333334 0.034583333333333334
