2 0.5138020833333333 0.5116666666666667 0.027604166666666666 0.03666666666666667
5 0.4515625 0.49875 0.059375 0.09916666666666667
6 0.10677083333333333 0.008333333333333333 0.042708333333333334 0.016666666666666666
6 0.13203125 0.45166666666666666 0.008854166666666666 0.028333333333333332
5 0.06328125 0.47833333333333333 0.019270833333333334 0.011666666666666667
5 0.15859375 0.5020833333333333 0.0328125 0.034166666666666665
2 0.1875 0.5016666666666667 0.011458333333333333 0.018333333333333333
2 0.21432291666666667 0.5091666666666667 0.05677083333333333 0.045
6 0.40989583333333335 0.3283333333333333 0.009375 0.04
6 0.4861979166666667 0.31875 0.009895833333333333 0.04083333333333333
2 0.24947916666666667 0.5059722222222223 0.03958333333333333 0.04472222222222219
2 0.40598958333333335 0.5391666666666667 0.0765625 0.1
2 0.2875 0.5079166666666667 0.04375 0.04083333333333333
2 0.4890625 0.5029166666666667 0.01875 0.014166666666666666
2 0.121875 0.7283333333333334 0.24375 0.5066666666666667
6 0.7922743055555556 0.13916666666666666 0.025868055555555478 0.08
6 0.7202604166666666 0.21766666666666665 0.021354166666666667 0.06666666666666664
6 0.63515625 0.4025 0.0078125 0.03666666666666667
