2 0.5052083333333334 0.5345833333333333 0.0375 0.0525
5 0.4270833333333333 0.5170833333333333 0.08229166666666667 0.12583333333333332
6 0.16979166666666667 0.23708333333333334 0.01875 0.06916666666666667
6 0.31354166666666666 0.25 0.016666666666666666 0.065
6 0.06744791666666666 0.35625 0.0140625 0.0425
6 0.20729166666666668 0.47583333333333333 0.005208333333333333 0.023333333333333334
2 0.02886284722222222 0.5313194444444445 0.03862847222222222 0.02819444444444438
5 0.10911458333333333 0.5166666666666667 0.07447916666666667 0.06
2 0.09401041666666667 0.4995833333333333 0.04114583333333333 0.035833333333333335
5 0.18333333333333332 0.5195833333333333 0.030208333333333334 0.0325
2 0.221875 0.51875 0.017708333333333333 0.020833333333333332
2 0.25494791666666666 0.52 0.0453125 0.03666666666666667
2 0.46510416666666665 0.5216666666666666 0.007291666666666667 0.018333333333333333
6 0.425 0.3854166666666667 0.007291666666666667 0.030833333333333334
6 0.125 0.37333333333333335 0.0125 0.03833333333333333
6 0.48333333333333334 0.37958333333333333 0.007291666666666667 0.030833333333333334
2 0.27630208333333334 0.5091666666666667 0.021354166666666667 0.02
2 0.33307291666666666 0.57 0.13385416666666666 0.13166666666666665
2 0.4791666666666667 0.5204166666666666 0.020833333333333332 0.014166666666666666
2 0.07708333333333334 0.8125 0.15416666666666667 0.375
6 0.5957589285714288 0.4439880952380952 0.007589285714285765 0.028928571428571387
2 0.0078125 0.5316666666666666 0.015625 0.0325
