2 0.5083333333333333 0.52625 0.030208333333333334 0.04083333333333333
5 0.4393229166666667 0.5116666666666667 0.06510416666666667 0.10666666666666667
6 0.009895833333333333 0.09708333333333333 0.019791666666666666 0.10583333333333333
6 0.22421875 0.12416666666666666 0.027604166666666666 0.09833333333333333
6 0.16328125 0.4675 0.0078125 0.025
5 0.05651041666666667 0.5141666666666667 0.11302083333333333 0.058333333333333334
2 0.037760416666666664 0.49125 0.05572916666666667 0.04416666666666667
5 0.17994791666666668 0.5120833333333333 0.019270833333333334 0.0275
2 0.19765625 0.5141666666666667 0.0203125 0.02666666666666667
2 0.2322265625 0.5204166666666666 0.050130208333333336 0.04083333333333333
6 0.4153645833333333 0.35833333333333334 0.008854166666666666 0.035
6 0.0484375 0.34458333333333335 0.014583333333333334 0.04583333333333333
6 0.48359375 0.35 0.008854166666666666 0.03666666666666667
2 0.2596354166666667 0.5175 0.0359375 0.041666666666666664
2 0.3846354166666667 0.5554166666666667 0.0921875 0.1125
2 0.29661458333333335 0.5183333333333333 0.04114583333333333 0.03333333333333333
2 0.4828125 0.51625 0.025 0.015833333333333335
2 0.10677083333333333 0.7525 0.21354166666666666 0.495
6 0.7309895833333333 0.22208333333333333 0.021354166666666667 0.06583333333333333
