2 0.18984375 0.5183333333333333 0.0484375 0.06333333333333334
2 0.046614583333333334 0.57625 0.09322916666666667 0.20583333333333334
5 0.21354166666666666 0.49583333333333335 0.04375 0.07333333333333333
2 0.25078125 0.5045833333333334 0.019270833333333334 0.0275
6 0.18020833333333333 0.15166666666666667 0.020833333333333332 0.08333333333333333
6 0.011979166666666667 0.14875 0.022916666666666665 0.08416666666666667
2 0.23854166666666668 0.5025 0.005208333333333333 0.008333333333333333
6 0.46979166666666666 0.3458333333333333 0.021875 0.085
2 0.2669270833333333 0.5016666666666667 0.0171875 0.013333333333333334
2 0.8252604166666667 0.5020833333333333 0.011979166666666667 0.0275
2 0.15598958333333332 0.5133333333333333 0.030729166666666665 0.04
2 0.9635416666666666 0.49 0.07291666666666667 0.08166666666666667
