2 0.5104166666666666 0.5370833333333334 0.040625 0.05583333333333333
5 0.4265625 0.5195833333333333 0.08333333333333333 0.1325
6 0.19791666666666666 0.25666666666666665 0.017708333333333333 0.065
6 0.33151041666666664 0.2683333333333333 0.016145833333333335 0.06166666666666667
6 0.09244791666666667 0.36041666666666666 0.0140625 0.0425
6 0.21979166666666666 0.4775 0.007291666666666667 0.023333333333333334
2 0.046875 0.5320833333333332 0.037152777777777785 0.027777777777777714
5 0.12447916666666667 0.5179166666666667 0.06875 0.05583333333333333
2 0.10989583333333333 0.4995833333333333 0.035416666666666666 0.035833333333333335
5 0.196875 0.518125 0.03229166666666667 0.03208333333333333
2 0.2328125 0.5166666666666667 0.019791666666666666 0.023333333333333334
2 0.4713541666666667 0.5204166666666666 0.0125 0.020833333333333332
6 0.4328125 0.38958333333333334 0.007291666666666667 0.029166666666666667
6 0.14635416666666667 0.38083333333333336 0.0125 0.03833333333333333
6 0.4890625 0.38375 0.007291666666666667 0.030833333333333334
2 0.2830729166666667 0.5041666666666667 0.0203125 0.006666666666666667
2 0.3111979166666667 0.5754166666666667 0.16614583333333333 0.14083333333333334
2 0.4859375 0.5204166666666666 0.021875 0.010833333333333334
2 0.05625 0.85 0.1125 0.3
6 0.5977678571428572 0.4464880952380953 0.00625 0.02821428571428574
2 0.016979166666666667 0.5301666666666667 0.03395833333333333 0.03533333333333341
