2 0.2359375 0.5175 0.046875 0.06166666666666667
2 0.07239583333333334 0.57375 0.14479166666666668 0.21083333333333334
5 0.25859375 0.495 0.0421875 0.07333333333333333
2 0.29401041666666666 0.50375 0.019270833333333334 0.0275
6 0.23567708333333334 0.16583333333333333 0.019270833333333334 0.07833333333333334
6 0.08046875 0.16666666666666666 0.021354166666666667 0.08
2 0.28151041666666665 0.5020833333333333 0.0036458333333333334 0.010833333333333334
6 0.51171875 0.3525 0.021354166666666667 0.07833333333333334
2 0.3104166666666667 0.50125 0.011458333333333333 0.0125
2 0.86796875 0.50375 0.0140625 0.029166666666666667
2 0.20546875 0.5116666666666667 0.025520833333333333 0.03833333333333333
2 0.9875 0.5083333333333333 0.025 0.051666666666666666
