2 0.5026041666666666 0.5320833333333334 0.036458333333333336 0.0475
5 0.4239583333333333 0.51375 0.07395833333333333 0.11916666666666667
6 0.14427083333333332 0.21666666666666667 0.020833333333333332 0.075
6 0.2981770833333333 0.23208333333333334 0.0171875 0.0725
6 0.046614583333333334 0.34791666666666665 0.0140625 0.049166666666666664
6 0.1953125 0.47333333333333333 0.007291666666666667 0.021666666666666667
2 0.01572916666666667 0.5300833333333332 0.03145833333333334 0.0275
5 0.09557291666666666 0.5166666666666667 0.0828125 0.06
2 0.07994791666666666 0.49583333333333335 0.043229166666666666 0.043333333333333335
5 0.17369791666666667 0.5175 0.024479166666666666 0.03
2 0.21119791666666668 0.51625 0.018229166666666668 0.0225
2 0.24817708333333333 0.5204166666666666 0.04791666666666667 0.035833333333333335
2 0.4627604166666667 0.5195833333333333 0.0046875 0.0175
6 0.4203125 0.37875 0.007291666666666667 0.030833333333333334
6 0.10833333333333334 0.365 0.0125 0.03833333333333333
6 0.48046875 0.37333333333333335 0.0078125 0.03166666666666667
2 0.27630208333333334 0.5158333333333334 0.03177083333333333 0.03333333333333333
2 0.34322916666666664 0.565 0.11979166666666667 0.12833333333333333
2 0.29583333333333334 0.5170833333333333 0.014583333333333334 0.025833333333333333
2 0.47682291666666665 0.5204166666666666 0.024479166666666666 0.014166666666666666
2 0.0875 0.79 0.175 0.42
6 0.59609375 0.4404166666666667 0.008854166666666666 0.029166666666666667
