2 0.5026041666666666 0.5291666666666667 0.034375 0.04666666666666667
5 0.42890625 0.5120833333333333 0.0703125 0.11416666666666667
6 0.10390625 0.18125 0.025520833333333333 0.0825
6 0.27630208333333334 0.20041666666666666 0.022395833333333334 0.07583333333333334
6 0.01796875 0.3375 0.0140625 0.051666666666666666
6 0.18333333333333332 0.47041666666666665 0.007291666666666667 0.024166666666666666
5 0.07942708333333333 0.5158333333333334 0.09427083333333333 0.06
2 0.06484375 0.4920833333333333 0.0484375 0.04083333333333333
5 0.17454427083333332 0.5151041666666667 0.040755208333333334 0.030208333333333334
2 0.20885416666666667 0.5145833333333333 0.021875 0.0275
2 0.24140625 0.5191666666666667 0.0484375 0.03333333333333333
6 0.4171875 0.37166666666666665 0.007291666666666667 0.03166666666666667
6 0.08802083333333334 0.3591666666666667 0.0125 0.03833333333333333
6 0.47994791666666664 0.365 0.0078125 0.03333333333333333
2 0.26875 0.5166666666666667 0.03333333333333333 0.03666666666666667
2 0.35989583333333336 0.56 0.109375 0.12166666666666667
2 0.2989583333333333 0.5191666666666667 0.035416666666666666 0.03
2 0.47604166666666664 0.51875 0.030208333333333334 0.014166666666666666
2 0.09375 0.7670833333333333 0.1875 0.4658333333333333
6 0.6932291666666667 0.26 0.014583333333333334 0.051666666666666666
