2 0.30078125 0.5204166666666666 0.04739583333333333 0.060833333333333336
2 0.10755208333333334 0.58625 0.21510416666666668 0.2275
5 0.321875 0.4975 0.041666666666666664 0.07333333333333333
2 0.35703125 0.5070833333333333 0.019270833333333334 0.0275
2 0.01640625 0.49083333333333334 0.0328125 0.03333333333333333
6 0.31223958333333335 0.19041666666666668 0.0171875 0.0725
6 0.17213541666666668 0.19625 0.018229166666666668 0.0725
2 0.34427083333333336 0.5045833333333334 0.003125 0.010833333333333334
6 0.5708333333333333 0.35833333333333334 0.020833333333333332 0.07333333333333333
2 0.37109375 0.5029166666666667 0.008854166666666666 0.0125
2 0.9338541666666667 0.49541666666666667 0.019791666666666666 0.024166666666666666
2 0.2747395833333333 0.5129166666666667 0.0171875 0.035833333333333335
