2 0.446875 0.5254166666666666 0.05625 0.07416666666666667
2 0.17265625 0.6570833333333334 0.3453125 0.38083333333333336
5 0.47421875 0.4975 0.0453125 0.08166666666666667
2 0.51953125 0.5054166666666666 0.0234375 0.030833333333333334
2 0.2908854166666667 0.5070833333333333 0.04114583333333333 0.06916666666666667
6 0.4895833333333333 0.25833333333333336 0.0125 0.055
6 0.3888020833333333 0.27416666666666667 0.013020833333333334 0.05333333333333334
6 0.8611979166666667 0.051666666666666666 0.034895833333333334 0.10333333333333333
6 0.03984375 0.4379166666666667 0.0078125 0.034166666666666665
2 0.5028645833333333 0.5008333333333334 0.009895833333333333 0.011666666666666667
2 0.40520833333333334 0.5183333333333333 0.041666666666666664 0.056666666666666664
5 0.009375 0.49833333333333335 0.01875 0.01
