2 0.5111979166666667 0.5279166666666667 0.028645833333333332 0.04083333333333333
5 0.44453125 0.515 0.06302083333333333 0.10666666666666667
6 0.20911458333333333 0.105 0.028645833333333332 0.10333333333333333
6 0.16067708333333333 0.47208333333333335 0.008854166666666666 0.0275
5 0.054947916666666666 0.5175 0.10989583333333333 0.06
2 0.032552083333333336 0.49875 0.05364583333333333 0.04083333333333333
5 0.17890625 0.51625 0.021354166666666667 0.030833333333333334
2 0.19557291666666668 0.5175 0.0203125 0.02666666666666667
2 0.23046875 0.52375 0.053125 0.04083333333333333
6 0.41640625 0.35791666666666666 0.008854166666666666 0.035833333333333335
6 0.041666666666666664 0.34541666666666665 0.014583333333333334 0.04583333333333333
6 0.48541666666666666 0.34875 0.009375 0.0375
2 0.2591145833333333 0.5202083333333334 0.034895833333333334 0.04125
2 0.39140625 0.55625 0.09010416666666667 0.11083333333333334
2 0.29609375 0.5220833333333333 0.044270833333333336 0.0325
2 0.48880208333333336 0.5175 0.024479166666666666 0.013333333333333334
2 0.11067708333333333 0.74875 0.22135416666666666 0.5025
6 0.7426215277777779 0.20875 0.02170138888888893 0.07027777777777779
6 0.6877083333333334 0.26475 0.017083333333333308 0.05216666666666669
