2 0.4354166666666667 0.5295833333333333 0.051041666666666666 0.06916666666666667
2 0.19270833333333334 0.6254166666666666 0.3145833333333333 0.2991666666666667
5 0.4583333333333333 0.5029166666666667 0.042708333333333334 0.07916666666666666
2 0.4984375 0.5120833333333333 0.020833333333333332 0.029166666666666667
2 0.0890625 0.55375 0.16354166666666667 0.1725
6 0.46848958333333335 0.24458333333333335 0.0140625 0.060833333333333336
6 0.35885416666666664 0.2604166666666667 0.014583333333333334 0.059166666666666666
6 0.8986979166666667 0.02875 0.0359375 0.0575
2 0.48385416666666664 0.5083333333333333 0.008333333333333333 0.013333333333333334
2 0.36015625 0.53125 0.06302083333333333 0.06916666666666667
2 0.027864583333333335 0.5004166666666666 0.05572916666666667 0.0175
