2 0.5174479166666667 0.5308333333333334 0.0546875 0.07666666666666666
5 0.41354166666666664 0.5045833333333334 0.10833333333333334 0.16916666666666666
2 0.46328125 0.5033333333333333 0.0036458333333333334 0.016666666666666666
6 0.2234375 0.25833333333333336 0.015625 0.06333333333333334
6 0.34791666666666665 0.26708333333333334 0.015625 0.0575
6 0.115625 0.35541666666666666 0.0125 0.04083333333333333
6 0.23463541666666668 0.4633333333333333 0.0067708333333333336 0.021666666666666667
5 0.140625 0.49 0.06666666666666667 0.03166666666666667
2 0.128125 0.48333333333333334 0.034375 0.03666666666666667
5 0.21015625 0.50375 0.034895833333333334 0.029166666666666667
2 0.24791666666666667 0.5033333333333333 0.017708333333333333 0.023333333333333334
2 0.2799479166666667 0.5075 0.0421875 0.03166666666666667
2 0.48020833333333335 0.5029166666666667 0.0125 0.019166666666666665
6 0.440625 0.3770833333333333 0.007291666666666667 0.029166666666666667
6 0.16380208333333332 0.37041666666666667 0.011979166666666667 0.035833333333333335
6 0.49583333333333335 0.37125 0.007291666666666667 0.030833333333333334
2 0.30026041666666664 0.5041666666666667 0.028645833333333332 0.035
2 0.1453125 0.5895833333333333 0.290625 0.18416666666666667
2 0.33046875 0.5070833333333333 0.03802083333333333 0.029166666666666667
6 0.6013020833333333 0.43333333333333335 0.0078125 0.03166666666666667
2 0.022395833333333334 0.5120833333333333 0.041666666666666664 0.029166666666666667
