2 0.5143229166666666 0.5383333333333333 0.044270833333333336 0.06
5 0.42552083333333335 0.5175 0.08854166666666667 0.13666666666666666
6 0.21458333333333332 0.2679166666666667 0.015625 0.060833333333333336
6 0.3421875 0.27875 0.015625 0.059166666666666666
6 0.10755208333333334 0.36625 0.0140625 0.0425
6 0.22916666666666666 0.4791666666666667 0.007291666666666667 0.023333333333333334
2 0.05807291666666667 0.532638888888889 0.03732638888888889 0.026944444444444476
5 0.13619791666666667 0.5183333333333333 0.0640625 0.056666666666666664
2 0.1203125 0.4995833333333333 0.034375 0.035833333333333335
5 0.19401041666666666 0.5183333333333333 0.013020833333333334 0.016666666666666666
2 0.47552083333333334 0.5195833333333333 0.013541666666666667 0.015833333333333335
6 0.4375 0.39125 0.007291666666666667 0.029166666666666667
6 0.1578125 0.38416666666666666 0.0125 0.03833333333333333
6 0.49322916666666666 0.38625 0.007291666666666667 0.030833333333333334
2 0.2989583333333333 0.5108333333333334 0.030208333333333334 0.015
2 0.2755208333333333 0.5820833333333333 0.20625 0.1525
2 0.33177083333333335 0.5220833333333333 0.028125 0.0275
2 0.48854166666666665 0.5191666666666667 0.0140625 0.015
2 0.014322916666666666 0.8845833333333334 0.028645833333333332 0.23083333333333333
6 0.5999627976190476 0.4478571428571429 0.0078125 0.030714285714285743
2 0.022916666666666665 0.5316666666666666 0.04583333333333333 0.035
