2 0.52265625 0.5133333333333333 0.024479166666666666 0.035
5 0.4700520833333333 0.5016666666666667 0.05260416666666667 0.08666666666666667
2 0.34270833333333334 0.5270833333333333 0.06458333333333334 0.0675
6 0.08671875 0.44958333333333333 0.008854166666666666 0.034166666666666665
6 0.40286458333333336 0.3025 0.0109375 0.04666666666666667
6 0.49296875 0.29041666666666666 0.0109375 0.0475
2 0.23515625 0.5066666666666667 0.0484375 0.043333333333333335
2 0.43463541666666666 0.5354166666666667 0.06302083333333333 0.08583333333333333
2 0.2752604166666667 0.5108333333333334 0.05260416666666667 0.03666666666666667
2 0.50234375 0.5075 0.018229166666666668 0.011666666666666667
2 0.1546875 0.7245833333333334 0.309375 0.5141666666666667
6 0.9283854166666666 0.02875 0.033854166666666664 0.0575
6 0.6736979166666667 0.390625 0.015104166666666667 0.050416666666666665
