2 0.51875 0.53625 0.06145833333333333 0.08583333333333333
5 0.4036458333333333 0.5041666666666667 0.121875 0.18333333333333332
2 0.4627604166666667 0.5025 0.008854166666666666 0.018333333333333333
6 0.2234375 0.25833333333333336 0.015625 0.06333333333333334
6 0.34791666666666665 0.26708333333333334 0.015625 0.0575
6 0.115625 0.3545833333333333 0.0125 0.04083333333333333
6 0.23463541666666668 0.4633333333333333 0.0067708333333333336 0.021666666666666667
2 0.06744791666666666 0.5175 0.0328125 0.025
5 0.14192708333333334 0.5025 0.06927083333333334 0.056666666666666664
2 0.128125 0.48333333333333334 0.034375 0.03666666666666667
5 0.21015625 0.50375 0.034895833333333334 0.029166666666666667
2 0.24791666666666667 0.5033333333333333 0.017708333333333333 0.023333333333333334
2 0.28072916666666664 0.5070833333333333 0.040625 0.0325
2 0.4822916666666667 0.50375 0.0125 0.019166666666666665
6 0.440625 0.3770833333333333 0.007291666666666667 0.029166666666666667
6 0.16380208333333332 0.37041666666666667 0.011979166666666667 0.035833333333333335
6 0.49583333333333335 0.37125 0.007291666666666667 0.030833333333333334
2 0.30416666666666664 0.5041666666666667 0.028125 0.035
2 0.09791666666666667 0.5925 0.19583333333333333 0.165
2 0.32734375 0.5070833333333333 0.028645833333333332 0.030833333333333334
6 0.6013020833333333 0.43333333333333335 0.0078125 0.03166666666666667
