2 0.5325520833333334 0.58125 0.13177083333333334 0.18916666666666668
5 0.3455729166666667 0.5066666666666667 0.21302083333333333 0.3016666666666667
6 0.22317708333333333 0.25666666666666665 0.015104166666666667 0.06166666666666667
6 0.34739583333333335 0.2658333333333333 0.013541666666666667 0.058333333333333334
6 0.11510416666666666 0.35083333333333333 0.010416666666666666 0.041666666666666664
6 0.16354166666666667 0.36833333333333335 0.008333333333333333 0.03166666666666667
5 0.13203125 0.4975 0.08385416666666666 0.06333333333333334
5 0.20833333333333334 0.5025 0.03229166666666667 0.03333333333333333
2 0.026302083333333334 0.5145833333333333 0.0484375 0.034166666666666665
2 0.06666666666666667 0.5125 0.04895833333333333 0.03666666666666667
6 0.49557291666666664 0.37 0.0078125 0.028333333333333332
6 0.234375 0.46208333333333335 0.00625 0.020833333333333332
6 0.44114583333333335 0.37416666666666665 0.007291666666666667 0.03
2 0.4828125 0.5029166666666667 0.009375 0.010833333333333334
6 0.6018229166666667 0.43169627749577 0.0067708333333333336 0.03
