2 0.5026041666666666 0.5308333333333334 0.034375 0.04666666666666667
5 0.4270833333333333 0.51375 0.07083333333333333 0.11583333333333333
6 0.11640625 0.19291666666666665 0.0234375 0.08083333333333333
6 0.2838541666666667 0.21166666666666667 0.020833333333333332 0.07666666666666666
6 0.02578125 0.34125 0.0140625 0.049166666666666664
6 0.18697916666666667 0.47208333333333335 0.007291666666666667 0.024166666666666666
2 0.008159722222222223 0.5302777777777778 0.016319444444444445 0.027222222222222286
5 0.08411458333333334 0.5154166666666666 0.09114583333333333 0.060833333333333336
2 0.0703125 0.49375 0.046875 0.0375
5 0.17708333333333334 0.5166666666666667 0.03958333333333333 0.028333333333333332
2 0.21067708333333332 0.5145833333333333 0.0265625 0.030833333333333334
2 0.24296875 0.5191666666666667 0.0515625 0.03833333333333333
6 0.41822916666666665 0.37375 0.007291666666666667 0.030833333333333334
6 0.09427083333333333 0.3625 0.0125 0.03833333333333333
6 0.47994791666666664 0.36833333333333335 0.0078125 0.03333333333333333
2 0.26953125 0.5175 0.033854166666666664 0.03666666666666667
2 0.35572916666666665 0.5625 0.11145833333333334 0.125
2 0.29765625 0.5208333333333334 0.0265625 0.03
2 0.4752604166666667 0.51875 0.028645833333333332 0.014166666666666666
2 0.09296875 0.7708333333333334 0.1859375 0.4583333333333333
6 0.6869791666666667 0.25333333333333335 0.010416666666666666 0.02
