2 0.503125 0.5295833333333333 0.03333333333333333 0.0475
5 0.42890625 0.5120833333333333 0.06927083333333334 0.11416666666666667
6 0.09921875 0.17708333333333334 0.025520833333333333 0.0825
6 0.27447916666666666 0.19458333333333333 0.021875 0.07583333333333334
6 0.015364583333333333 0.33541666666666664 0.0140625 0.05416666666666667
6 0.18177083333333333 0.46958333333333335 0.007291666666666667 0.024166666666666666
5 0.07786458333333333 0.5154166666666666 0.0953125 0.060833333333333336
2 0.06302083333333333 0.49166666666666664 0.04895833333333333 0.041666666666666664
5 0.173828125 0.514375 0.04140625 0.030416666666666668
2 0.20859375 0.5145833333333333 0.0234375 0.025833333333333333
2 0.24114583333333334 0.51875 0.046875 0.034166666666666665
6 0.4171875 0.37083333333333335 0.007291666666666667 0.03166666666666667
6 0.0859375 0.3575 0.0125 0.03833333333333333
6 0.47994791666666664 0.3641666666666667 0.0078125 0.03333333333333333
2 0.26875 0.5154166666666666 0.03333333333333333 0.035833333333333335
2 0.3609375 0.5595833333333333 0.10833333333333334 0.12083333333333333
2 0.2981770833333333 0.5191666666666667 0.03802083333333333 0.03
2 0.47630208333333335 0.51875 0.030729166666666665 0.014166666666666666
2 0.09427083333333333 0.7658333333333334 0.18854166666666666 0.4683333333333333
6 0.6950086805555554 0.25756944444444446 0.015364583333333333 0.05291666666666667
