2 0.5192708333333333 0.5395833333333333 0.06875 0.0925
5 0.39427083333333335 0.5054166666666666 0.134375 0.20416666666666666
2 0.46588541666666666 0.5025 0.008854166666666666 0.018333333333333333
6 0.2234375 0.25833333333333336 0.015625 0.06333333333333334
6 0.34791666666666665 0.26708333333333334 0.015625 0.0575
6 0.115625 0.3545833333333333 0.0125 0.04083333333333333
6 0.23463541666666668 0.4633333333333333 0.0067708333333333336 0.021666666666666667
2 0.06328125 0.5166666666666667 0.04114583333333333 0.02666666666666667
5 0.140625 0.5025 0.06666666666666667 0.056666666666666664
2 0.128125 0.48333333333333334 0.034375 0.03666666666666667
5 0.21015625 0.50375 0.034895833333333334 0.029166666666666667
2 0.24791666666666667 0.5033333333333333 0.017708333333333333 0.023333333333333334
2 0.28046875 0.5075 0.04114583333333333 0.03166666666666667
2 0.484375 0.5045833333333334 0.0125 0.015833333333333335
6 0.440625 0.3770833333333333 0.007291666666666667 0.029166666666666667
6 0.16380208333333332 0.37041666666666667 0.011979166666666667 0.035833333333333335
6 0.49583333333333335 0.37125 0.007291666666666667 0.030833333333333334
2 0.3028645833333333 0.5041666666666667 0.028645833333333332 0.035
2 0.04921875 0.6283333333333333 0.0984375 0.14333333333333334
2 0.32135416666666666 0.50875 0.009375 0.025833333333333333
6 0.6013020833333333 0.43333333333333335 0.0078125 0.03166666666666667
2 0.0296875 0.51625 0.04375 0.035833333333333335
