2 0.5197916666666667 0.5441666666666667 0.071875 0.09833333333333333
5 0.39088541666666665 0.50625 0.14427083333333332 0.21083333333333334
2 0.465625 0.5025 0.011458333333333333 0.018333333333333333
6 0.2234375 0.25833333333333336 0.015625 0.06333333333333334
6 0.34791666666666665 0.26708333333333334 0.015625 0.0575
6 0.115625 0.3545833333333333 0.0125 0.04083333333333333
6 0.23463541666666668 0.4633333333333333 0.0067708333333333336 0.021666666666666667
2 0.06328125 0.5166666666666667 0.04114583333333333 0.02666666666666667
5 0.1421875 0.5029166666666667 0.06354166666666666 0.05583333333333333
2 0.128125 0.48333333333333334 0.034375 0.03666666666666667
5 0.21015625 0.50375 0.034895833333333334 0.029166666666666667
2 0.24791666666666667 0.5033333333333333 0.017708333333333333 0.023333333333333334
2 0.28072916666666664 0.5075 0.03958333333333333 0.03666666666666667
2 0.484375 0.5045833333333334 0.0125 0.015833333333333335
6 0.440625 0.3770833333333333 0.007291666666666667 0.029166666666666667
6 0.16380208333333332 0.37041666666666667 0.011979166666666667 0.035833333333333335
6 0.49583333333333335 0.37125 0.007291666666666667 0.030833333333333334
2 0.30494791666666665 0.5041666666666667 0.027604166666666666 0.035
2 0.021875 0.6258333333333334 0.04375 0.10833333333333334
6 0.6013020833333333 0.43333333333333335 0.0078125 0.03166666666666667
2 0.0296875 0.51625 0.04375 0.035833333333333335
