2 0.5067708333333333 0.5354166666666667 0.0375 0.05416666666666667
5 0.42682291666666666 0.5166666666666667 0.0796875 0.125
6 0.1828125 0.24583333333333332 0.01875 0.065
6 0.3223958333333333 0.25916666666666666 0.016666666666666666 0.065
6 0.07786458333333333 0.36041666666666666 0.0140625 0.0425
6 0.2109375 0.4775 0.007291666666666667 0.023333333333333334
2 0.03723958333333333 0.5319444444444443 0.038368055555555565 0.028888888888888856
5 0.11614583333333334 0.5166666666666667 0.071875 0.056666666666666664
2 0.10052083333333334 0.4995833333333333 0.03854166666666667 0.035833333333333335
5 0.1890625 0.5183333333333333 0.030208333333333334 0.03166666666666667
2 0.2296875 0.5158333333333334 0.019791666666666666 0.02666666666666667
2 0.25677083333333334 0.5233333333333333 0.03854166666666667 0.03333333333333333
2 0.46796875 0.5233333333333333 0.008854166666666666 0.015
6 0.42864583333333334 0.38708333333333333 0.007291666666666667 0.030833333333333334
6 0.134375 0.37583333333333335 0.0125 0.03833333333333333
6 0.4859375 0.38125 0.007291666666666667 0.030833333333333334
2 0.282421875 0.504375 0.020052083333333335 0.009583333333333333
2 0.3260416666666667 0.5733333333333334 0.146875 0.135
2 0.4817708333333333 0.5183333333333333 0.020833333333333332 0.018333333333333333
2 0.07057291666666667 0.83125 0.14114583333333333 0.3375
6 0.5966889880952382 0.4451785714285715 0.006473214285714354 0.027738095238095183
2 0.011874999999999998 0.5308333333333333 0.023749999999999997 0.03566666666666663
