2 0.503125 0.5320833333333334 0.034375 0.0475
5 0.4276041666666667 0.5145833333333333 0.071875 0.1175
6 0.11979166666666667 0.19666666666666666 0.022916666666666665 0.07833333333333334
6 0.28567708333333336 0.21416666666666667 0.0203125 0.075
6 0.028385416666666666 0.34208333333333335 0.0140625 0.049166666666666664
6 0.18802083333333333 0.47291666666666665 0.007291666666666667 0.0225
2 0.009114583333333334 0.5304166666666666 0.018229166666666668 0.0275
5 0.08567708333333333 0.51625 0.09010416666666667 0.059166666666666666
2 0.07135416666666666 0.4945833333333333 0.04583333333333333 0.03916666666666667
5 0.17864583333333334 0.51625 0.040625 0.029166666666666667
2 0.21067708333333332 0.5154166666666666 0.0265625 0.030833333333333334
2 0.24375 0.5208333333333334 0.05 0.041666666666666664
6 0.41822916666666665 0.3745833333333333 0.007291666666666667 0.030833333333333334
6 0.09635416666666667 0.36333333333333334 0.0125 0.03833333333333333
6 0.47994791666666664 0.36916666666666664 0.0078125 0.03333333333333333
2 0.2703125 0.5170833333333333 0.034895833333333334 0.03666666666666667
2 0.35390625 0.5629166666666666 0.11302083333333333 0.12583333333333332
2 0.2981770833333333 0.52125 0.024479166666666666 0.029166666666666667
2 0.475 0.5191666666666667 0.028125 0.011666666666666667
2 0.09114583333333333 0.77125 0.18229166666666666 0.4575
