2 0.51171875 0.51125 0.027604166666666666 0.04083333333333333
5 0.4484375 0.49833333333333335 0.059375 0.10166666666666667
6 0.15260416666666668 0.034166666666666665 0.036458333333333336 0.06833333333333333
6 0.14296875 0.4504166666666667 0.008854166666666666 0.0275
5 0.06848958333333334 0.48833333333333334 0.04635416666666667 0.043333333333333335
2 0.02109375 0.46541666666666665 0.030729166666666665 0.020833333333333332
5 0.16770833333333332 0.5 0.034375 0.03166666666666667
2 0.20208333333333334 0.49416666666666664 0.0010416666666666667 0.02666666666666667
2 0.22083333333333333 0.50625 0.05520833333333333 0.04083333333333333
6 0.4122395833333333 0.3329166666666667 0.008854166666666666 0.0375
6 0.007552083333333333 0.3145833333333333 0.0140625 0.060833333333333336
6 0.4859375 0.3229166666666667 0.009375 0.03916666666666667
2 0.2515625 0.5033333333333333 0.036458333333333336 0.04
2 0.40130208333333334 0.54 0.08177083333333333 0.105
2 0.290625 0.5054166666666666 0.04375 0.035833333333333335
2 0.48828125 0.5020833333333333 0.0203125 0.014166666666666666
2 0.1171875 0.74 0.234375 0.52
6 0.7716145833333334 0.16263888888888892 0.024131944444444522 0.07583333333333334
6 0.7076041666666666 0.22991666666666669 0.019791666666666666 0.06216666666666668
