2 0.5036458333333333 0.5341666666666667 0.0375 0.051666666666666666
5 0.42630208333333336 0.5154166666666666 0.07864583333333333 0.1225
6 0.1609375 0.22958333333333333 0.020833333333333332 0.07083333333333333
6 0.3072916666666667 0.245 0.017708333333333333 0.06833333333333333
6 0.05911458333333333 0.35291666666666666 0.0140625 0.04416666666666667
6 0.20182291666666666 0.47458333333333336 0.0067708333333333336 0.020833333333333332
2 0.02248263888888889 0.5302777777777778 0.03732638888888888 0.027777777777777714
5 0.10338541666666666 0.5158333333333334 0.07760416666666667 0.06
2 0.0890625 0.4995833333333333 0.040625 0.035833333333333335
5 0.17864583333333334 0.5175 0.030208333333333334 0.03
2 0.2171875 0.5166666666666667 0.01875 0.023333333333333334
2 0.25338541666666664 0.5229166666666667 0.04739583333333333 0.04083333333333333
2 0.46380208333333334 0.5204166666666666 0.0078125 0.019166666666666665
6 0.42291666666666666 0.3829166666666667 0.007291666666666667 0.030833333333333334
6 0.11875 0.37333333333333335 0.0125 0.03833333333333333
6 0.48203125 0.37666666666666665 0.0078125 0.03166666666666667
2 0.2755208333333333 0.5154166666666666 0.035416666666666666 0.0325
2 0.3377604166666667 0.5683333333333334 0.12864583333333332 0.13166666666666665
2 0.47760416666666666 0.5204166666666666 0.020833333333333332 0.014166666666666666
2 0.08098958333333334 0.80125 0.16197916666666667 0.3975
6 0.5957217261904761 0.442797619047619 0.008110119047619099 0.029166666666666667
