2 0.52265625 0.5083333333333333 0.0234375 0.03333333333333333
5 0.471875 0.49875 0.05 0.0875
2 0.32421875 0.5258333333333334 0.07447916666666667 0.07666666666666666
6 0.07421875 0.44375 0.008854166666666666 0.034166666666666665
6 0.39947916666666666 0.2925 0.011458333333333333 0.04833333333333333
6 0.49270833333333336 0.2791666666666667 0.011458333333333333 0.05
2 0.23697916666666666 0.4972916666666667 0.03854166666666667 0.029583333333333333
2 0.43854166666666666 0.5316666666666666 0.06041666666666667 0.08166666666666667
2 0.27395833333333336 0.5079166666666667 0.052083333333333336 0.04083333333333333
2 0.5046875 0.5029166666666667 0.013541666666666667 0.010833333333333334
2 0.15989583333333332 0.6958333333333333 0.31979166666666664 0.46166666666666667
6 0.8149305555555555 0.11430555555555555 0.027083333333333334 0.09083333333333334
6 0.6797743055555555 0.38375 0.013368055555555595 0.0486111111111111
