2 0.5190104166666667 0.5391666666666667 0.06614583333333333 0.09166666666666666
5 0.3984375 0.5070833333333333 0.13020833333333334 0.20083333333333334
2 0.4666666666666667 0.5025 0.007291666666666667 0.018333333333333333
6 0.2234375 0.25833333333333336 0.015625 0.06333333333333334
6 0.34791666666666665 0.26708333333333334 0.015625 0.0575
6 0.115625 0.3545833333333333 0.0125 0.04083333333333333
6 0.23463541666666668 0.4633333333333333 0.0067708333333333336 0.021666666666666667
2 0.06328125 0.5166666666666667 0.04114583333333333 0.02666666666666667
5 0.14192708333333334 0.5025 0.06927083333333334 0.056666666666666664
2 0.128125 0.48333333333333334 0.034375 0.03666666666666667
5 0.21015625 0.50375 0.034895833333333334 0.029166666666666667
2 0.24791666666666667 0.5033333333333333 0.017708333333333333 0.023333333333333334
2 0.28020833333333334 0.5091666666666667 0.040625 0.03166666666666667
2 0.48333333333333334 0.50375 0.0125 0.015833333333333335
6 0.440625 0.3770833333333333 0.007291666666666667 0.029166666666666667
6 0.16380208333333332 0.37041666666666667 0.011979166666666667 0.035833333333333335
6 0.49583333333333335 0.37125 0.007291666666666667 0.030833333333333334
2 0.30052083333333335 0.5041666666666667 0.03333333333333333 0.035
2 0.06692708333333333 0.60625 0.13385416666666666 0.1675
2 0.32265625 0.5075 0.018229166666666668 0.03
6 0.6013020833333333 0.43333333333333335 0.0078125 0.03166666666666667
2 0.0296875 0.51625 0.04375 0.035833333333333335
