2 0.5166666666666667 0.5395833333333333 0.046875 0.06416666666666666
5 0.4239583333333333 0.5175 0.09479166666666666 0.14666666666666667
6 0.2203125 0.27166666666666667 0.015625 0.06333333333333334
6 0.3453125 0.28208333333333335 0.015625 0.0575
6 0.11302083333333333 0.3695833333333333 0.0125 0.04083333333333333
6 0.2328125 0.47833333333333333 0.007291666666666667 0.023333333333333334
2 0.06145833333333333 0.5315277777777778 0.03854166666666667 0.025833333333333333
5 0.1375 0.5170833333333333 0.06041666666666667 0.05416666666666667
2 0.12447916666666667 0.4995833333333333 0.034375 0.035833333333333335
2 0.2794270833333333 0.5145833333333333 0.034895833333333334 0.014166666666666666
2 0.4778645833333333 0.5191666666666667 0.016145833333333335 0.018333333333333333
6 0.4395833333333333 0.39125 0.007291666666666667 0.029166666666666667
6 0.16145833333333334 0.38333333333333336 0.0125 0.03833333333333333
6 0.4947916666666667 0.38625 0.007291666666666667 0.030833333333333334
2 0.30078125 0.5179166666666667 0.033854166666666664 0.034166666666666665
2 0.2484375 0.5866666666666667 0.22916666666666666 0.16
2 0.3299479166666667 0.5220833333333333 0.03697916666666667 0.0275
6 0.6006076388888888 0.4475 0.0078125 0.03166666666666667
2 0.02482638888888889 0.5296527777777778 0.04826388888888889 0.03513888888888886
