2 0.5174479166666667 0.5308333333333334 0.0546875 0.07666666666666666
5 0.4122395833333333 0.50375 0.10989583333333333 0.17083333333333334
2 0.4635416666666667 0.5033333333333333 0.004166666666666667 0.016666666666666666
6 0.2234375 0.25833333333333336 0.015625 0.06333333333333334
6 0.34791666666666665 0.26708333333333334 0.015625 0.0575
6 0.115625 0.35541666666666666 0.0125 0.04083333333333333
6 0.23463541666666668 0.4633333333333333 0.0067708333333333336 0.021666666666666667
5 0.13932291666666666 0.49416666666666664 0.0640625 0.04
2 0.128125 0.48333333333333334 0.034375 0.03666666666666667
5 0.21015625 0.50375 0.034895833333333334 0.029166666666666667
2 0.24791666666666667 0.5033333333333333 0.017708333333333333 0.023333333333333334
2 0.28046875 0.50875 0.04114583333333333 0.034166666666666665
2 0.48020833333333335 0.50375 0.0125 0.019166666666666665
6 0.440625 0.3770833333333333 0.007291666666666667 0.029166666666666667
6 0.16380208333333332 0.37041666666666667 0.011979166666666667 0.035833333333333335
6 0.49583333333333335 0.37125 0.007291666666666667 0.030833333333333334
2 0.30052083333333335 0.5041666666666667 0.030208333333333334 0.035
2 0.1390625 0.5916666666666667 0.278125 0.18833333333333332
2 0.33098958333333334 0.5091666666666667 0.03697916666666667 0.03
6 0.6013020833333333 0.43333333333333335 0.0078125 0.03166666666666667
