2 0.5192708333333333 0.5104166666666666 0.027083333333333334 0.035833333333333335
5 0.46015625 0.49875 0.0546875 0.0925
2 0.3731770833333333 0.5158333333333334 0.0421875 0.051666666666666666
6 0.11276041666666667 0.4479166666666667 0.008854166666666666 0.034166666666666665
5 0.15442708333333333 0.49291666666666667 0.0296875 0.025833333333333333
2 0.20598958333333334 0.5083333333333333 0.06197916666666667 0.04666666666666667
6 0.4075520833333333 0.3145833333333333 0.009895833333333333 0.0425
6 0.4901041666666667 0.30375 0.010416666666666666 0.04416666666666667
2 0.24322916666666666 0.5048958333333333 0.042708333333333334 0.045208333333333336
2 0.41848958333333336 0.5345833333333333 0.06822916666666666 0.0925
2 0.2799479166666667 0.5070833333333333 0.049479166666666664 0.034166666666666665
2 0.49661458333333336 0.5020833333333333 0.0203125 0.0125
2 0.1359375 0.73625 0.271875 0.5275
6 0.8440972222222222 0.0838888888888889 0.030208333333333334 0.09833333333333334
6 0.7533854166666667 0.18375 0.0203125 0.07583333333333334
6 0.653515625 0.3963194444444445 0.01171875 0.04597222222222224
