2 0.5171875 0.5370833333333334 0.04791666666666667 0.06416666666666666
5 0.42083333333333334 0.5175 0.09895833333333333 0.155
6 0.22239583333333332 0.27 0.015625 0.06333333333333334
6 0.346875 0.27875 0.015625 0.0575
6 0.11510416666666666 0.3670833333333333 0.0125 0.04083333333333333
6 0.23385416666666667 0.4766666666666667 0.007291666666666667 0.023333333333333334
2 0.062890625 0.5285416666666667 0.038802083333333334 0.025416666666666667
5 0.1359375 0.505 0.06354166666666666 0.03333333333333333
2 0.128125 0.49541666666666667 0.034375 0.035833333333333335
5 0.21067708333333332 0.5066666666666667 0.034895833333333334 0.013333333333333334
2 0.24791666666666667 0.5095833333333334 0.017708333333333333 0.010833333333333334
2 0.2794270833333333 0.5191666666666667 0.04010416666666667 0.035
2 0.47942708333333334 0.5170833333333333 0.013020833333333334 0.019166666666666665
6 0.440625 0.38875 0.007291666666666667 0.029166666666666667
6 0.1640625 0.3825 0.0125 0.03833333333333333
6 0.4953125 0.3829166666666667 0.007291666666666667 0.030833333333333334
2 0.30364583333333334 0.5158333333333334 0.026041666666666668 0.03166666666666667
2 0.22265625 0.59 0.25052083333333336 0.17
2 0.3302083333333333 0.5191666666666667 0.03854166666666667 0.028333333333333332
6 0.6013020833333333 0.4447222222222222 0.0078125 0.03166666666666667
2 0.0265625 0.5279166666666667 0.05 0.035833333333333335
