2 0.5182291666666666 0.5308333333333334 0.052083333333333336 0.06833333333333333
5 0.41744791666666664 0.50875 0.10364583333333334 0.16083333333333333
6 0.2234375 0.2625 0.015625 0.06333333333333334
6 0.34791666666666665 0.27125 0.015625 0.0575
6 0.115625 0.3595833333333333 0.0125 0.04083333333333333
6 0.234375 0.47 0.007291666666666667 0.023333333333333334
2 0.059895833333333336 0.5204166666666666 0.027083333333333334 0.0225
5 0.13723958333333333 0.4920833333333333 0.059895833333333336 0.024166666666666666
2 0.128125 0.48333333333333334 0.034375 0.03666666666666667
5 0.21015625 0.50375 0.034895833333333334 0.029166666666666667
2 0.24791666666666667 0.5033333333333333 0.017708333333333333 0.023333333333333334
2 0.28098958333333335 0.5129166666666667 0.04010416666666667 0.0325
2 0.47994791666666664 0.50875 0.015104166666666667 0.019166666666666665
6 0.440625 0.3804166666666667 0.007291666666666667 0.029166666666666667
6 0.16380208333333332 0.3745833333333333 0.011979166666666667 0.035833333333333335
6 0.4953125 0.3754166666666667 0.007291666666666667 0.030833333333333334
2 0.30130208333333336 0.5083333333333333 0.033854166666666664 0.035
2 0.18359375 0.5870833333333333 0.2734375 0.17583333333333334
2 0.33098958333333334 0.5104166666666666 0.03697916666666667 0.029166666666666667
6 0.6013020833333333 0.4377083333333333 0.0078125 0.03166666666666667
2 0.028125 0.5191666666666667 0.04583333333333333 0.03333333333333333
