2 0.5221354166666666 0.5145833333333333 0.024479166666666666 0.035833333333333335
5 0.46640625 0.5033333333333333 0.05364583333333333 0.09
2 0.35442708333333334 0.5254166666666666 0.058854166666666666 0.060833333333333336
6 0.09505208333333333 0.44958333333333333 0.008854166666666666 0.034166666666666665
2 0.20364583333333333 0.5108333333333334 0.04791666666666667 0.04
6 0.4044270833333333 0.30875 0.0109375 0.04583333333333333
6 0.49296875 0.29791666666666666 0.0109375 0.0475
2 0.23619791666666667 0.5091666666666667 0.0484375 0.05
2 0.42890625 0.53625 0.06302083333333333 0.08416666666666667
2 0.27708333333333335 0.51125 0.051041666666666666 0.035833333333333335
2 0.5018229166666667 0.5079166666666667 0.0171875 0.010833333333333334
2 0.14973958333333334 0.7333333333333333 0.2994791666666667 0.5333333333333333
6 0.9010416666666666 0.041666666666666664 0.03229166666666667 0.08333333333333333
6 0.6684895833333333 0.39558333333333334 0.01572916666666669 0.051166666666666645
