2 0.5236979166666667 0.5104166666666666 0.024479166666666666 0.034166666666666665
5 0.47109375 0.4995833333333333 0.050520833333333334 0.0875
2 0.33177083333333335 0.5283333333333333 0.06979166666666667 0.07166666666666667
6 0.07942708333333333 0.4454166666666667 0.008854166666666666 0.034166666666666665
6 0.4010416666666667 0.2975 0.011458333333333333 0.04666666666666667
6 0.49296875 0.2841666666666667 0.011979166666666667 0.05
2 0.23255208333333333 0.5054166666666666 0.049479166666666664 0.04083333333333333
2 0.43697916666666664 0.5316666666666666 0.06145833333333333 0.08166666666666667
2 0.271875 0.5120833333333333 0.053125 0.03916666666666667
2 0.5041666666666667 0.5045833333333334 0.014583333333333334 0.010833333333333334
2 0.15885416666666666 0.7108333333333333 0.3177083333333333 0.4866666666666667
6 0.8072916666666666 0.12375 0.025 0.0875
6 0.67734375 0.38625 0.0140625 0.049166666666666664
