2 0.44192708333333336 0.5258333333333334 0.058854166666666666 0.07833333333333334
2 0.16484375 0.6775 0.3296875 0.42833333333333334
5 0.47265625 0.49625 0.0484375 0.08583333333333333
2 0.5221354166666666 0.5058333333333334 0.0234375 0.03166666666666667
2 0.3106770833333333 0.5183333333333333 0.07552083333333333 0.08833333333333333
2 0.26901041666666664 0.5033333333333333 0.0484375 0.035
6 0.49270833333333336 0.2708333333333333 0.0125 0.051666666666666666
6 0.396875 0.2841666666666667 0.0125 0.051666666666666666
6 0.8296875 0.09333333333333334 0.030208333333333334 0.095
6 0.0640625 0.4370833333333333 0.008333333333333333 0.034166666666666665
2 0.503125 0.5 0.0125 0.011666666666666667
2 0.41119791666666666 0.51375 0.018229166666666668 0.049166666666666664
2 0.2734375 0.49041666666666667 0.035416666666666666 0.020833333333333332
