2 0.52109375 0.5145833333333333 0.025520833333333333 0.035833333333333335
5 0.46536458333333336 0.50375 0.05364583333333333 0.0925
2 0.3614583333333333 0.5233333333333333 0.05416666666666667 0.06
6 0.10026041666666667 0.44958333333333333 0.008854166666666666 0.034166666666666665
2 0.2015625 0.51125 0.05416666666666667 0.04416666666666667
6 0.40546875 0.31125 0.0109375 0.04583333333333333
6 0.49140625 0.30083333333333334 0.0109375 0.04666666666666667
2 0.23723958333333334 0.51 0.04739583333333333 0.04666666666666667
2 0.4265625 0.5375 0.06458333333333334 0.08833333333333333
2 0.28020833333333334 0.51125 0.05 0.0375
2 0.5005208333333333 0.5066666666666667 0.014583333333333334 0.011666666666666667
2 0.14583333333333334 0.7329166666666667 0.2916666666666667 0.5341666666666667
6 0.8815104166666666 0.05 0.033854166666666664 0.1
6 0.7739583333333333 0.15666666666666668 0.019791666666666666 0.03166666666666667
6 0.6638020833333333 0.3973333333333333 0.014479166666666762 0.049666666666666685
