2 0.4296875 0.5316666666666666 0.05 0.06833333333333333
2 0.19505208333333332 0.6220833333333333 0.3015625 0.2891666666666667
5 0.45208333333333334 0.5054166666666666 0.042708333333333334 0.0775
2 0.4908854166666667 0.51375 0.0203125 0.029166666666666667
2 0.06640625 0.5483333333333333 0.1328125 0.16833333333333333
6 0.46145833333333336 0.24333333333333335 0.013541666666666667 0.06166666666666667
6 0.349609375 0.2577083333333333 0.014322916666666666 0.06041666666666667
6 0.9018229166666667 0.02625 0.03697916666666667 0.0525
2 0.47708333333333336 0.5104166666666666 0.008333333333333333 0.0125
2 0.34713541666666664 0.5345833333333333 0.0640625 0.0725
2 0.019270833333333334 0.5004166666666666 0.03854166666666667 0.0175
