2 0.51484375 0.5120833333333333 0.027604166666666666 0.0375
5 0.45364583333333336 0.49875 0.057291666666666664 0.0975
2 0.384375 0.505 0.026041666666666668 0.03833333333333333
6 0.12890625 0.4508333333333333 0.008854166666666666 0.03
5 0.15755208333333334 0.50125 0.03177083333333333 0.0325
2 0.18515625 0.5008333333333334 0.013020833333333334 0.016666666666666666
2 0.21223958333333334 0.5108333333333334 0.059895833333333336 0.041666666666666664
6 0.40989583333333335 0.32666666666666666 0.009375 0.04
6 0.48723958333333334 0.31625 0.009895833333333333 0.04083333333333333
2 0.2484375 0.5070833333333333 0.041666666666666664 0.04583333333333333
2 0.40911458333333334 0.5391666666666667 0.0765625 0.09833333333333333
2 0.2869791666666667 0.5079166666666667 0.04479166666666667 0.0375
2 0.49166666666666664 0.5029166666666667 0.021875 0.014166666666666666
2 0.12421875 0.72125 0.2484375 0.4975
6 0.8004340277777778 0.13041666666666665 0.026215277777777737 0.0825
6 0.7252604166666666 0.2125 0.021354166666666667 0.06833333333333333
6 0.6390625 0.40166666666666667 0.010416666666666666 0.03833333333333333
