2 0.5143229166666666 0.5116666666666667 0.027604166666666666 0.03666666666666667
5 0.453125 0.49916666666666665 0.058333333333333334 0.09833333333333333
6 0.0984375 0.002916666666666667 0.04479166666666667 0.005833333333333334
6 0.13046875 0.45125 0.008854166666666666 0.029166666666666667
5 0.15807291666666667 0.5016666666666667 0.03229166666666667 0.03333333333333333
2 0.18671875 0.50125 0.013020833333333334 0.0175
2 0.21354166666666666 0.51 0.05625 0.043333333333333335
6 0.40989583333333335 0.3275 0.009375 0.04
6 0.48671875 0.3179166666666667 0.009895833333333333 0.04083333333333333
2 0.24895833333333334 0.5065277777777778 0.040625 0.045277777777777715
2 0.4075520833333333 0.5379166666666667 0.0765625 0.09916666666666667
2 0.2869791666666667 0.5083333333333333 0.04375 0.041666666666666664
2 0.4908854166666667 0.5029166666666667 0.0203125 0.014166666666666666
2 0.12265625 0.7216666666666667 0.2453125 0.5
6 0.7963541666666667 0.13479166666666667 0.026041666666666668 0.08125
6 0.7227604166666666 0.21508333333333335 0.021354166666666667 0.0675
6 0.6372395833333333 0.40208333333333335 0.008854166666666666 0.0375
