2 0.5227864583333334 0.5579166666666666 0.09505208333333333 0.1325
5 0.36744791666666665 0.5008333333333334 0.1796875 0.2683333333333333
2 0.46796875 0.5033333333333333 0.011979166666666667 0.016666666666666666
6 0.2234375 0.25833333333333336 0.015625 0.06333333333333334
6 0.34791666666666665 0.26708333333333334 0.015625 0.0575
6 0.11510416666666666 0.3541666666666667 0.011458333333333333 0.04
6 0.23489583333333333 0.4633333333333333 0.00625 0.021666666666666667
2 0.06328125 0.5166666666666667 0.04114583333333333 0.02666666666666667
5 0.14140625 0.5033333333333333 0.06614583333333333 0.055
2 0.12630208333333334 0.48333333333333334 0.03802083333333333 0.03666666666666667
5 0.21067708333333332 0.50375 0.0359375 0.029166666666666667
2 0.24791666666666667 0.5025 0.017708333333333333 0.025
2 0.2708333333333333 0.50625 0.019791666666666666 0.029166666666666667
2 0.4864583333333333 0.50375 0.009375 0.015833333333333335
6 0.440625 0.3770833333333333 0.00625 0.029166666666666667
6 0.16458333333333333 0.37041666666666667 0.010416666666666666 0.035833333333333335
6 0.49557291666666664 0.37125 0.0067708333333333336 0.030833333333333334
6 0.6013020833333333 0.43333333333333335 0.0078125 0.03166666666666667
2 0.0296875 0.51625 0.04375 0.035833333333333335
