2 0.503125 0.5291666666666667 0.034375 0.04666666666666667
5 0.42890625 0.5120833333333333 0.06822916666666666 0.11416666666666667
6 0.09453125 0.17291666666666666 0.025520833333333333 0.0825
6 0.2716145833333333 0.19041666666666668 0.021354166666666667 0.07583333333333334
6 0.012760416666666666 0.3333333333333333 0.0140625 0.056666666666666664
6 0.18072916666666666 0.46958333333333335 0.007291666666666667 0.024166666666666666
5 0.07838541666666667 0.51375 0.09322916666666667 0.059166666666666666
2 0.061197916666666664 0.4920833333333333 0.049479166666666664 0.04083333333333333
5 0.17311197916666668 0.5136458333333334 0.04205729166666667 0.030625
2 0.20833333333333334 0.5145833333333333 0.025 0.024166666666666666
2 0.23984375 0.5195833333333333 0.04739583333333333 0.0375
6 0.41692708333333334 0.37 0.0078125 0.03166666666666667
6 0.08385416666666666 0.35583333333333333 0.0125 0.03833333333333333
6 0.47994791666666664 0.36333333333333334 0.0078125 0.03333333333333333
2 0.26875 0.5141666666666667 0.03333333333333333 0.035
2 0.3619791666666667 0.56 0.10625 0.12166666666666667
2 0.29739583333333336 0.5191666666666667 0.040625 0.03
2 0.47578125 0.5183333333333333 0.0296875 0.013333333333333334
2 0.09479166666666666 0.7645833333333333 0.18958333333333333 0.4708333333333333
6 0.6967881944444444 0.2551388888888889 0.016145833333333335 0.05416666666666667
