2 0.5122395833333333 0.5116666666666667 0.027604166666666666 0.04
5 0.44895833333333335 0.49875 0.058333333333333334 0.1025
6 0.1453125 0.029583333333333333 0.036458333333333336 0.059166666666666666
6 0.14140625 0.44958333333333333 0.008854166666666666 0.0275
5 0.06953125 0.4895833333333333 0.04010416666666667 0.04083333333333333
2 0.018489583333333334 0.46041666666666664 0.0265625 0.0175
5 0.16653645833333333 0.49916666666666665 0.03723958333333333 0.03166666666666667
2 0.19296875 0.5 0.011979166666666667 0.021666666666666667
2 0.21953125 0.50625 0.05677083333333333 0.04083333333333333
6 0.41171875 0.33125 0.008854166666666666 0.0375
6 0.005729166666666666 0.31333333333333335 0.011458333333333333 0.056666666666666664
6 0.4859375 0.32208333333333333 0.009375 0.03916666666666667
2 0.25078125 0.5033333333333333 0.0359375 0.041666666666666664
2 0.4015625 0.53875 0.08125 0.10416666666666667
2 0.29010416666666666 0.5058333333333334 0.04375 0.03666666666666667
2 0.48880208333333336 0.50125 0.019270833333333334 0.014166666666666666
2 0.11796875 0.7395833333333334 0.2359375 0.5208333333333334
6 0.7747395833333334 0.15895833333333334 0.024479166666666666 0.07625
6 0.7093229166666666 0.22841666666666668 0.0203125 0.06283333333333334
