2 0.5072916666666667 0.52625 0.030208333333333334 0.04083333333333333
5 0.43854166666666666 0.5116666666666667 0.065625 0.10666666666666667
6 0.012760416666666666 0.10208333333333333 0.025520833333333333 0.10416666666666667
6 0.22838541666666667 0.13041666666666665 0.0265625 0.09583333333333334
6 0.16432291666666668 0.4675 0.0078125 0.025
5 0.06041666666666667 0.5133333333333333 0.10416666666666667 0.058333333333333334
2 0.03697916666666667 0.4920833333333333 0.05416666666666667 0.04416666666666667
5 0.17942708333333332 0.5116666666666667 0.0171875 0.03166666666666667
2 0.19739583333333333 0.5125 0.021875 0.02666666666666667
2 0.23216145833333332 0.52 0.05026041666666667 0.04
6 0.41510416666666666 0.3591666666666667 0.008333333333333333 0.035
6 0.050520833333333334 0.34375 0.014583333333333334 0.04583333333333333
6 0.4830729166666667 0.35083333333333333 0.008854166666666666 0.03666666666666667
2 0.259375 0.5166666666666667 0.035416666666666666 0.041666666666666664
2 0.38255208333333335 0.5558333333333333 0.09322916666666667 0.11333333333333333
2 0.29661458333333335 0.5179166666666667 0.04114583333333333 0.0325
2 0.48203125 0.5158333333333334 0.024479166666666666 0.015
2 0.10546875 0.75125 0.2109375 0.4975
6 0.7284288194444444 0.22388888888888886 0.02109375 0.06527777777777777
