2 0.51328125 0.5108333333333334 0.027604166666666666 0.03666666666666667
5 0.45 0.49916666666666665 0.06041666666666667 0.1
6 0.11510416666666666 0.01375 0.040625 0.0275
6 0.13359375 0.45208333333333334 0.008854166666666666 0.0275
5 0.06302083333333333 0.48 0.021875 0.013333333333333334
5 0.15885416666666666 0.5016666666666667 0.035416666666666666 0.03666666666666667
2 0.18776041666666668 0.5008333333333334 0.009895833333333333 0.02
2 0.21692708333333333 0.5095833333333334 0.05364583333333333 0.04416666666666667
6 0.40989583333333335 0.3283333333333333 0.009375 0.04
6 0.4861979166666667 0.31958333333333333 0.009895833333333333 0.04083333333333333
2 0.25 0.5054166666666666 0.03854166666666667 0.04416666666666667
2 0.40546875 0.53875 0.0765625 0.10083333333333333
2 0.28802083333333334 0.5075 0.04375 0.04
2 0.48932291666666666 0.50375 0.0171875 0.014166666666666666
2 0.12109375 0.7275 0.2421875 0.49833333333333335
6 0.7881944444444445 0.14354166666666668 0.025694444444444405 0.07875
6 0.7177604166666666 0.22024999999999997 0.021354166666666667 0.06583333333333329
6 0.6328125 0.4025 0.005208333333333333 0.035
