2 0.5127604166666667 0.51125 0.027604166666666666 0.03916666666666667
5 0.44947916666666665 0.49916666666666665 0.057291666666666664 0.10333333333333333
6 0.1390625 0.025 0.03854166666666667 0.05
6 0.13984375 0.44875 0.008854166666666666 0.0275
5 0.06822916666666666 0.4875 0.040625 0.035
2 0.017447916666666667 0.46208333333333335 0.022395833333333334 0.014166666666666666
5 0.16536458333333334 0.49833333333333335 0.04010416666666667 0.03166666666666667
2 0.190625 0.4995833333333333 0.009375 0.0225
2 0.21770833333333334 0.5079166666666667 0.058333333333333334 0.04083333333333333
6 0.41119791666666666 0.3304166666666667 0.008854166666666666 0.0375
6 0.004166666666666667 0.3120833333333333 0.008333333333333333 0.0525
6 0.4859375 0.32125 0.009375 0.03916666666666667
2 0.25 0.5041666666666667 0.035416666666666666 0.041666666666666664
2 0.40234375 0.5391666666666667 0.0796875 0.10333333333333333
2 0.28958333333333336 0.50625 0.04375 0.0375
2 0.48932291666666666 0.5004166666666666 0.018229166666666668 0.014166666666666666
2 0.11875 0.7266666666666667 0.2375 0.49833333333333335
6 0.7778645833333333 0.1552777777777778 0.02482638888888893 0.07666666666666666
6 0.7110416666666666 0.22691666666666663 0.020833333333333332 0.06349999999999999
