2 0.4088541666666667 0.5329166666666667 0.04791666666666667 0.06583333333333333
2 0.18958333333333333 0.615 0.2760416666666667 0.265
5 0.42994791666666665 0.5070833333333333 0.04114583333333333 0.07583333333333334
2 0.4674479166666667 0.51625 0.0203125 0.029166666666666667
2 0.03697916666666667 0.55375 0.07395833333333333 0.19083333333333333
6 0.43645833333333334 0.23625 0.014583333333333334 0.06416666666666666
6 0.31953125 0.24958333333333332 0.015104166666666667 0.0625
6 0.89921875 0.015 0.0359375 0.03
2 0.45416666666666666 0.5129166666666667 0.007291666666666667 0.0125
2 0.31302083333333336 0.5395833333333333 0.058333333333333334 0.0775
2 0.07369791666666667 0.51625 0.05677083333333333 0.059166666666666666
