2 0.5041666666666667 0.5225 0.03333333333333333 0.045
5 0.43203125 0.5070833333333333 0.06822916666666666 0.11416666666666667
6 0.07421875 0.15375 0.027604166666666666 0.08916666666666667
6 0.26015625 0.17208333333333334 0.022395833333333334 0.0825
6 0.0033854166666666668 0.325 0.0067708333333333336 0.04833333333333333
6 0.1765625 0.46458333333333335 0.007291666666666667 0.024166666666666666
5 0.07369791666666667 0.51125 0.09739583333333333 0.060833333333333336
2 0.055989583333333336 0.4891666666666667 0.05260416666666667 0.04
5 0.17083333333333334 0.5108333333333334 0.04375 0.03166666666666667
2 0.20442708333333334 0.51125 0.0234375 0.029166666666666667
2 0.23671875 0.515 0.05364583333333333 0.035
6 0.415625 0.3616666666666667 0.008333333333333333 0.03333333333333333
6 0.07552083333333333 0.35041666666666665 0.0125 0.04083333333333333
6 0.47994791666666664 0.355 0.0078125 0.03333333333333333
2 0.265625 0.51125 0.03229166666666667 0.0375
2 0.36770833333333336 0.55375 0.10208333333333333 0.11916666666666667
2 0.30052083333333335 0.5129166666666667 0.036458333333333336 0.029166666666666667
2 0.4778645833333333 0.5120833333333333 0.0265625 0.014166666666666666
2 0.09739583333333333 0.7566666666666667 0.19479166666666667 0.4866666666666667
6 0.70390625 0.24541666666666667 0.019270833333333334 0.059166666666666666
