2 0.5127604166666667 0.5229166666666667 0.028645833333333332 0.04083333333333333
5 0.4473958333333333 0.5083333333333333 0.06145833333333333 0.10166666666666667
6 0.19557291666666668 0.07916666666666666 0.03177083333333333 0.11333333333333333
6 0.15651041666666668 0.46541666666666665 0.008854166666666666 0.0275
5 0.054427083333333334 0.515 0.10260416666666666 0.06166666666666667
2 0.030208333333333334 0.4925 0.052083333333333336 0.03833333333333333
5 0.17682291666666666 0.51125 0.025520833333333333 0.030833333333333334
2 0.19453125 0.5141666666666667 0.021354166666666667 0.02666666666666667
2 0.22916666666666666 0.5195833333333333 0.05416666666666667 0.0375
6 0.4158854166666667 0.35125 0.008854166666666666 0.0375
6 0.03177083333333333 0.33791666666666664 0.014583333333333334 0.050833333333333335
6 0.4864583333333333 0.34208333333333335 0.009375 0.0375
2 0.2596354166666667 0.515 0.0359375 0.041666666666666664
2 0.3953125 0.55375 0.08854166666666667 0.1075
2 0.2953125 0.51875 0.04583333333333333 0.030833333333333334
2 0.48776041666666664 0.51375 0.021354166666666667 0.015833333333333335
2 0.11302083333333333 0.74625 0.22604166666666667 0.5075
6 0.7512586805555556 0.19673611111111114 0.022135416666666668 0.07291666666666669
6 0.6942708333333333 0.255 0.017708333333333333 0.056666666666666664
