2 0.4453125 0.5258333333333334 0.05625 0.07666666666666666
2 0.17057291666666666 0.66 0.3411458333333333 0.385
5 0.47421875 0.49625 0.04635416666666667 0.08416666666666667
2 0.52109375 0.5054166666666666 0.0234375 0.030833333333333334
2 0.29661458333333335 0.5116666666666667 0.06197916666666667 0.08166666666666667
6 0.49114583333333334 0.2629166666666667 0.0125 0.05416666666666667
6 0.3921875 0.27708333333333335 0.0125 0.0525
6 0.84921875 0.0675 0.0328125 0.10333333333333333
6 0.05 0.4370833333333333 0.008333333333333333 0.034166666666666665
2 0.5036458333333333 0.5004166666666666 0.011458333333333333 0.010833333333333334
2 0.4083333333333333 0.5158333333333334 0.03229166666666667 0.05333333333333334
