2 0.12109375 0.5158333333333334 0.0515625 0.06166666666666667
2 0.0067708333333333336 0.5883333333333334 0.013541666666666667 0.095
5 0.14661458333333333 0.4925 0.0453125 0.07333333333333333
2 0.18567708333333333 0.5020833333333333 0.0203125 0.0275
6 0.09375 0.12208333333333334 0.022916666666666665 0.09083333333333334
2 0.17291666666666666 0.50375 0.004166666666666667 0.0075
6 0.4088541666666667 0.33625 0.022916666666666665 0.0875
2 0.20598958333333334 0.5 0.019270833333333334 0.013333333333333334
2 0.7658854166666667 0.5004166666666666 0.008854166666666666 0.0275
2 0.07942708333333333 0.5129166666666667 0.0390625 0.04416666666666667
2 0.9028645833333333 0.4845833333333333 0.07760416666666667 0.0875
