2 0.5192708333333333 0.51125 0.027083333333333334 0.035833333333333335
5 0.46119791666666665 0.5 0.05364583333333333 0.095
2 0.3703125 0.5191666666666667 0.04479166666666667 0.055
6 0.10859375 0.4479166666666667 0.008854166666666666 0.034166666666666665
5 0.15703125 0.49291666666666667 0.0265625 0.020833333333333332
2 0.20286458333333332 0.5091666666666667 0.0609375 0.045
6 0.40703125 0.31333333333333335 0.009895833333333333 0.043333333333333335
6 0.490625 0.3020833333333333 0.010416666666666666 0.04416666666666667
2 0.2421875 0.5063541666666667 0.042708333333333334 0.045625
2 0.42109375 0.53375 0.0671875 0.08916666666666667
2 0.28151041666666665 0.5079166666666667 0.0515625 0.035833333333333335
2 0.4981770833333333 0.5029166666666667 0.019270833333333334 0.010833333333333334
2 0.13854166666666667 0.7354166666666667 0.27708333333333335 0.5291666666666667
6 0.8540798611111111 0.07444444444444445 0.03177083333333333 0.10166666666666668
6 0.7596354166666667 0.19708333333333333 0.019270833333333334 0.0275
6 0.6564062500000001 0.39625000000000005 0.012395833333333429 0.04716666666666668
