2 0.5325520833333334 0.5816666666666667 0.13177083333333334 0.19
5 0.3453125 0.505 0.2125 0.3016666666666667
6 0.22395833333333334 0.25708333333333333 0.014583333333333334 0.060833333333333336
6 0.34765625 0.2654166666666667 0.013020833333333334 0.059166666666666666
6 0.11510416666666666 0.35083333333333333 0.010416666666666666 0.043333333333333335
6 0.16380208333333332 0.36791666666666667 0.008854166666666666 0.0325
5 0.13229166666666667 0.49625 0.084375 0.0625
5 0.20807291666666666 0.5020833333333333 0.0328125 0.0325
2 0.026302083333333334 0.5141666666666667 0.0484375 0.03333333333333333
2 0.06666666666666667 0.51125 0.04895833333333333 0.035833333333333335
6 0.49557291666666664 0.36875 0.0078125 0.030833333333333334
6 0.234375 0.46208333333333335 0.00625 0.020833333333333332
6 0.44114583333333335 0.37416666666666665 0.007291666666666667 0.03
2 0.4828125 0.5029166666666667 0.009375 0.010833333333333334
6 0.6018229166666667 0.43166666666666664 0.0067708333333333336 0.03
