2 0.5041666666666667 0.5225 0.03229166666666667 0.045
5 0.4328125 0.50625 0.06770833333333333 0.11416666666666667
6 0.06796875 0.14875 0.027604166666666666 0.09083333333333334
6 0.25755208333333335 0.16791666666666666 0.022395833333333334 0.08416666666666667
6 0.0018229166666666667 0.3225 0.0036458333333333334 0.04666666666666667
6 0.17552083333333332 0.46375 0.007291666666666667 0.024166666666666666
5 0.07369791666666667 0.5108333333333334 0.09427083333333333 0.06166666666666667
2 0.05520833333333333 0.4895833333333333 0.05416666666666667 0.03916666666666667
5 0.1702604166666667 0.5108333333333334 0.04406250000000001 0.03199999999999998
2 0.20286458333333332 0.5108333333333334 0.024479166666666666 0.03
2 0.23541666666666666 0.5141666666666667 0.053125 0.035
6 0.4153645833333333 0.36083333333333334 0.0078125 0.035
6 0.0734375 0.35083333333333333 0.0125 0.041666666666666664
6 0.47994791666666664 0.35333333333333333 0.0078125 0.03333333333333333
2 0.2640625 0.5104166666666666 0.034375 0.035833333333333335
2 0.3692708333333333 0.55375 0.10104166666666667 0.1175
2 0.3 0.51375 0.03854166666666667 0.0325
2 0.478125 0.51125 0.027083333333333334 0.014166666666666666
2 0.09791666666666667 0.7566666666666667 0.19583333333333333 0.4866666666666667
6 0.7058593749999998 0.24333333333333335 0.01935763888888881 0.05972222222222224
