2 0.5174479166666667 0.5379166666666667 0.0484375 0.06583333333333333
5 0.42135416666666664 0.5166666666666667 0.09791666666666667 0.15333333333333332
6 0.221875 0.2708333333333333 0.015625 0.06333333333333334
6 0.346875 0.27958333333333335 0.015625 0.0575
6 0.11458333333333333 0.36791666666666667 0.0125 0.04083333333333333
6 0.234375 0.4766666666666667 0.007291666666666667 0.023333333333333334
2 0.06267361111111111 0.5293055555555555 0.03888888888888888 0.025277777777777715
5 0.13671875 0.5133333333333333 0.05572916666666667 0.051666666666666666
2 0.128125 0.49625 0.034375 0.035833333333333335
2 0.24791666666666667 0.5104166666666666 0.017708333333333333 0.009166666666666667
2 0.28046875 0.5183333333333333 0.0390625 0.03333333333333333
2 0.4791666666666667 0.5170833333333333 0.0125 0.019166666666666665
6 0.4401041666666667 0.38958333333333334 0.007291666666666667 0.029166666666666667
6 0.16354166666666667 0.38333333333333336 0.0125 0.03833333333333333
6 0.4953125 0.38458333333333333 0.007291666666666667 0.030833333333333334
2 0.30234375 0.5154166666666666 0.0296875 0.0325
2 0.22838541666666667 0.5891666666666666 0.24635416666666668 0.16666666666666666
2 0.3302083333333333 0.5208333333333334 0.0375 0.028333333333333332
6 0.6013020833333333 0.44583333333333336 0.0078125 0.03166666666666667
2 0.02621527777777778 0.5282638888888889 0.04965277777777778 0.03569444444444438
