2 0.5078125 0.53625 0.03854166666666667 0.05583333333333333
5 0.42682291666666666 0.5179166666666667 0.08072916666666667 0.1275
6 0.18489583333333334 0.2475 0.017708333333333333 0.065
6 0.32395833333333335 0.2608333333333333 0.016666666666666666 0.065
6 0.07994791666666666 0.36041666666666666 0.0140625 0.0425
6 0.2125 0.4775 0.007291666666666667 0.023333333333333334
2 0.038802083333333334 0.5320138888888889 0.03819444444444445 0.029027777777777715
5 0.11770833333333333 0.5170833333333333 0.07083333333333333 0.0575
2 0.10182291666666667 0.4995833333333333 0.03802083333333333 0.035833333333333335
5 0.19088541666666667 0.5175 0.03177083333333333 0.03166666666666667
2 0.22916666666666666 0.5170833333333333 0.019791666666666666 0.025833333333333333
2 0.25885416666666666 0.5229166666666667 0.03333333333333333 0.0325
2 0.46822916666666664 0.5229166666666667 0.009375 0.015833333333333335
6 0.4296875 0.3879166666666667 0.007291666666666667 0.030833333333333334
6 0.1359375 0.37666666666666665 0.0125 0.03833333333333333
6 0.4864583333333333 0.38125 0.007291666666666667 0.030833333333333334
2 0.2833333333333333 0.50375 0.020833333333333332 0.0075
2 0.32447916666666665 0.5733333333333334 0.14895833333333333 0.13666666666666666
2 0.4822916666666667 0.51875 0.020833333333333332 0.0175
2 0.06927083333333334 0.835 0.13854166666666667 0.33
6 0.596875 0.4454166666666667 0.00625 0.0275
2 0.012604166666666666 0.5308333333333334 0.025208333333333333 0.03599999999999994
