2 0.51171875 0.5129166666666667 0.027604166666666666 0.04083333333333333
5 0.4479166666666667 0.5 0.06145833333333333 0.1
6 0.16640625 0.042916666666666665 0.0359375 0.08583333333333333
6 0.14557291666666666 0.45125 0.008854166666666666 0.0275
5 0.05859375 0.49833333333333335 0.07447916666666667 0.04833333333333333
2 0.020572916666666666 0.47541666666666665 0.0390625 0.0275
5 0.1703125 0.5008333333333334 0.03125 0.035
2 0.1875 0.5041666666666667 0.023958333333333335 0.02666666666666667
2 0.22252604166666667 0.50875 0.05390625 0.04083333333333333
6 0.41328125 0.33625 0.008854166666666666 0.0375
6 0.0140625 0.31958333333333333 0.014583333333333334 0.059166666666666666
6 0.4859375 0.32666666666666666 0.009375 0.03833333333333333
2 0.253125 0.5041666666666667 0.0375 0.03833333333333333
2 0.39921875 0.5425 0.0828125 0.10666666666666667
2 0.29192708333333334 0.5058333333333334 0.044270833333333336 0.03666666666666667
2 0.48802083333333335 0.50375 0.020833333333333332 0.014166666666666666
2 0.115625 0.7395833333333334 0.23125 0.5208333333333334
6 0.7653645833333333 0.17 0.0234375 0.075
6 0.7041666666666667 0.23291666666666666 0.01875 0.060833333333333336
