2 0.5109375 0.53625 0.040625 0.05583333333333333
5 0.42734375 0.51875 0.08697916666666666 0.13416666666666666
6 0.2015625 0.26 0.017708333333333333 0.065
6 0.3338541666666667 0.27125 0.015625 0.059166666666666666
6 0.09557291666666666 0.36125 0.0140625 0.0425
6 0.221875 0.47833333333333333 0.007291666666666667 0.023333333333333334
2 0.04921875 0.5320833333333334 0.03697916666666667 0.02722222222222219
5 0.12552083333333333 0.5179166666666667 0.06979166666666667 0.05583333333333333
2 0.1140625 0.4995833333333333 0.0375 0.035833333333333335
5 0.19947916666666668 0.5183333333333333 0.03125 0.03166666666666667
2 0.23290246212121213 0.5151287878787879 0.0194412878787879 0.022196969696969784
2 0.4713541666666667 0.5195833333333333 0.0125 0.0225
6 0.43333333333333335 0.38958333333333334 0.007291666666666667 0.029166666666666667
6 0.1484375 0.38416666666666666 0.0125 0.03833333333333333
6 0.4901041666666667 0.38458333333333333 0.007291666666666667 0.030833333333333334
2 0.28932291666666665 0.5045833333333334 0.018229166666666668 0.005833333333333334
2 0.30494791666666665 0.57625 0.17447916666666666 0.14416666666666667
2 0.4869791666666667 0.5204166666666666 0.020833333333333332 0.010833333333333334
2 0.05260416666666667 0.8558333333333333 0.10520833333333333 0.28833333333333333
6 0.5981770833333333 0.4467857142857143 0.006473214285714235 0.028571428571428612
2 0.018385416666666664 0.53025 0.03677083333333333 0.03550000000000002
