2 0.5083333333333333 0.53625 0.03958333333333333 0.05416666666666667
5 0.4278645833333333 0.5175 0.08177083333333333 0.13
6 0.1875 0.25 0.017708333333333333 0.065
6 0.325 0.2625 0.016666666666666666 0.065
6 0.08203125 0.36041666666666666 0.0140625 0.0425
6 0.2140625 0.4775 0.007291666666666667 0.023333333333333334
2 0.040364583333333336 0.5320833333333334 0.03802083333333333 0.029166666666666667
5 0.11848958333333333 0.5170833333333333 0.07135416666666666 0.0575
2 0.103125 0.4995833333333333 0.0375 0.035833333333333335
5 0.19244791666666666 0.5166666666666667 0.030729166666666665 0.03166666666666667
2 0.22864583333333333 0.5183333333333333 0.019791666666666666 0.025
2 0.25364583333333335 0.5220833333333333 0.022916666666666665 0.030833333333333334
2 0.46848958333333335 0.5225 0.009895833333333333 0.016666666666666666
6 0.43020833333333336 0.38875 0.007291666666666667 0.030833333333333334
6 0.1375 0.3775 0.0125 0.03833333333333333
6 0.4869791666666667 0.38208333333333333 0.007291666666666667 0.030833333333333334
2 0.2842881944444445 0.5038888888888888 0.02170138888888893 0.007222222222222285
2 0.3223958333333333 0.5733333333333334 0.15208333333333332 0.14
2 0.4828125 0.5191666666666667 0.020833333333333332 0.016666666666666666
2 0.06744791666666666 0.8366666666666667 0.13489583333333333 0.32666666666666666
6 0.5970238095238095 0.44559523809523804 0.00625 0.02761904761904759
2 0.013333333333333334 0.5308333333333334 0.02666666666666667 0.03633333333333326
