2 0.5026041666666666 0.5320833333333334 0.035416666666666666 0.050833333333333335
5 0.4270833333333333 0.5129166666666667 0.07291666666666667 0.11583333333333333
6 0.12734375 0.2025 0.022395833333333334 0.07666666666666666
6 0.28932291666666665 0.21916666666666668 0.019270833333333334 0.07166666666666667
6 0.03359375 0.34375 0.0140625 0.049166666666666664
6 0.19010416666666666 0.47291666666666665 0.007291666666666667 0.0225
2 0.011093749999999998 0.5304166666666666 0.022187499999999995 0.0275
5 0.08880208333333334 0.51625 0.08802083333333334 0.059166666666666666
2 0.07526041666666666 0.49375 0.04739583333333333 0.0375
5 0.16354166666666667 0.52 0.011458333333333333 0.021666666666666667
2 0.21067708333333332 0.5170833333333333 0.0265625 0.030833333333333334
2 0.24375 0.52 0.05 0.04
2 0.46145833333333336 0.5233333333333333 0.0020833333333333333 0.01
6 0.41875 0.37625 0.007291666666666667 0.030833333333333334
6 0.10052083333333334 0.365 0.0125 0.03833333333333333
6 0.47994791666666664 0.37083333333333335 0.0078125 0.03166666666666667
2 0.27109375 0.5175 0.03697916666666667 0.03666666666666667
2 0.35052083333333334 0.5629166666666666 0.11458333333333333 0.12416666666666666
2 0.29609375 0.5204166666666666 0.0203125 0.0275
2 0.47552083333333334 0.5183333333333333 0.027083333333333334 0.01
2 0.09114583333333333 0.77875 0.18229166666666666 0.4425
6 0.5971788194444445 0.433125 0.005815972222222261 0.020138888888888904
