2 0.22057291666666667 0.5179166666666667 0.04739583333333333 0.0625
2 0.06380208333333333 0.5745833333333333 0.12760416666666666 0.20916666666666667
5 0.24375 0.49583333333333335 0.042708333333333334 0.07333333333333333
2 0.2799479166666667 0.5045833333333334 0.019270833333333334 0.0275
6 0.21822916666666667 0.16166666666666665 0.019791666666666666 0.08
6 0.05859375 0.16083333333333333 0.022395833333333334 0.08
2 0.2677083333333333 0.5025 0.004166666666666667 0.01
6 0.4981770833333333 0.34875 0.021354166666666667 0.0825
2 0.29739583333333336 0.50125 0.011458333333333333 0.010833333333333334
2 0.8546875 0.5033333333333333 0.014583333333333334 0.03
2 0.18932291666666667 0.5120833333333333 0.027604166666666666 0.03916666666666667
2 0.9796875 0.4975 0.040625 0.07166666666666667
