2 0.5182291666666666 0.53 0.05416666666666667 0.075
5 0.41432291666666665 0.5054166666666666 0.10885416666666667 0.1675
6 0.2234375 0.25833333333333336 0.015625 0.06333333333333334
6 0.34791666666666665 0.26708333333333334 0.015625 0.0575
6 0.11614583333333334 0.3545833333333333 0.0125 0.04083333333333333
6 0.23463541666666668 0.4633333333333333 0.0067708333333333336 0.021666666666666667
5 0.140625 0.48875 0.06666666666666667 0.029166666666666667
2 0.128125 0.48333333333333334 0.034375 0.03666666666666667
5 0.21015625 0.50375 0.034895833333333334 0.029166666666666667
2 0.24791666666666667 0.5033333333333333 0.017708333333333333 0.023333333333333334
2 0.28046875 0.50875 0.04114583333333333 0.034166666666666665
2 0.48046875 0.5029166666666667 0.013020833333333334 0.019166666666666665
6 0.440625 0.3770833333333333 0.007291666666666667 0.029166666666666667
6 0.16380208333333332 0.37041666666666667 0.011979166666666667 0.035833333333333335
6 0.49583333333333335 0.37125 0.007291666666666667 0.030833333333333334
2 0.30182291666666666 0.5041666666666667 0.0296875 0.035
2 0.15442708333333333 0.5891666666666666 0.28802083333333334 0.18333333333333332
2 0.3302083333333333 0.5079166666666667 0.03854166666666667 0.0275
6 0.6013020833333333 0.43333333333333335 0.0078125 0.03166666666666667
2 0.021614583333333333 0.5125 0.04114583333333333 0.03
