2 0.31223958333333335 0.5216666666666666 0.04635416666666667 0.06166666666666667
2 0.11432291666666666 0.58875 0.22864583333333333 0.22916666666666666
5 0.3328125 0.49833333333333335 0.041666666666666664 0.07333333333333333
2 0.3684895833333333 0.5079166666666667 0.019270833333333334 0.0275
2 0.023958333333333335 0.5041666666666667 0.04479166666666667 0.051666666666666666
6 0.325 0.19458333333333333 0.017708333333333333 0.0725
6 0.1875 0.20166666666666666 0.017708333333333333 0.07166666666666667
2 0.35598958333333336 0.5054166666666666 0.0036458333333333334 0.010833333333333334
6 0.5809895833333333 0.3595833333333333 0.0203125 0.07416666666666667
2 0.38229166666666664 0.5041666666666667 0.008333333333333333 0.011666666666666667
2 0.9458333333333333 0.4945833333333333 0.021875 0.0275
2 0.28671875 0.5141666666666667 0.015104166666666667 0.035
2 0.005989583333333334 0.5 0.011979166666666667 0.051666666666666666
