2 0.5041666666666667 0.52375 0.034375 0.04416666666666667
5 0.43020833333333336 0.50875 0.06875 0.11416666666666667
6 0.0796875 0.15791666666666668 0.027083333333333334 0.0875
6 0.26328125 0.17708333333333334 0.022395833333333334 0.08083333333333333
6 0.0049479166666666664 0.3275 0.009895833333333333 0.05
6 0.17760416666666667 0.46541666666666665 0.007291666666666667 0.024166666666666666
5 0.07395833333333333 0.5116666666666667 0.09583333333333334 0.06166666666666667
2 0.05677083333333333 0.4875 0.051041666666666666 0.043333333333333335
5 0.1713541666666667 0.5115277777777778 0.0434027777777778 0.03138888888888895
2 0.20572916666666666 0.5116666666666667 0.021875 0.028333333333333332
2 0.2375 0.5158333333333334 0.052083333333333336 0.035
6 0.4161458333333333 0.36333333333333334 0.008333333333333333 0.03166666666666667
6 0.07760416666666667 0.35083333333333333 0.0125 0.03833333333333333
6 0.47994791666666664 0.3575 0.0078125 0.03333333333333333
2 0.26640625 0.51375 0.028645833333333332 0.03916666666666667
2 0.365625 0.555 0.10416666666666667 0.12
2 0.30052083333333335 0.5145833333333333 0.03854166666666667 0.029166666666666667
2 0.47760416666666666 0.5129166666666667 0.026041666666666668 0.014166666666666666
2 0.09479166666666666 0.7570833333333333 0.18958333333333333 0.48583333333333334
6 0.7021267361111112 0.2478472222222222 0.018489583333333334 0.057916666666666665
