2 0.2630208333333333 0.5175 0.046875 0.06166666666666667
2 0.0875 0.5754166666666667 0.175 0.21416666666666667
5 0.28567708333333336 0.495 0.0421875 0.07333333333333333
2 0.32057291666666665 0.50375 0.019270833333333334 0.0275
6 0.26848958333333334 0.175 0.018229166666666668 0.075
6 0.12057291666666667 0.1775 0.0203125 0.07666666666666666
2 0.30807291666666664 0.5020833333333333 0.0036458333333333334 0.010833333333333334
6 0.5369791666666667 0.35333333333333333 0.020833333333333332 0.07666666666666666
2 0.33541666666666664 0.5008333333333334 0.011458333333333333 0.011666666666666667
2 0.8955729166666667 0.50375 0.015104166666666667 0.030833333333333334
2 0.23515625 0.5108333333333334 0.022395833333333334 0.03666666666666667
