2 0.51171875 0.51375 0.027604166666666666 0.04083333333333333
5 0.44583333333333336 0.50125 0.06458333333333334 0.1075
6 0.17265625 0.04791666666666667 0.0359375 0.09583333333333334
6 0.14817708333333332 0.45375 0.008854166666666666 0.0275
5 0.06067708333333333 0.5045833333333334 0.08177083333333333 0.06583333333333333
2 0.022135416666666668 0.47791666666666666 0.043229166666666666 0.030833333333333334
5 0.17213541666666668 0.5029166666666667 0.03177083333333333 0.034166666666666665
2 0.18880208333333334 0.5041666666666667 0.0234375 0.02666666666666667
2 0.22395833333333334 0.5104166666666666 0.05416666666666667 0.04083333333333333
6 0.41380208333333335 0.33791666666666664 0.008854166666666666 0.0375
6 0.016145833333333335 0.32208333333333333 0.014583333333333334 0.0575
6 0.4859375 0.32916666666666666 0.009375 0.03833333333333333
2 0.25390625 0.5054166666666666 0.03802083333333333 0.04083333333333333
2 0.3984375 0.54125 0.08333333333333333 0.10583333333333333
2 0.29244791666666664 0.5079166666666667 0.0453125 0.035833333333333335
2 0.48828125 0.5045833333333334 0.0203125 0.014166666666666666
2 0.1140625 0.74125 0.228125 0.5175
6 0.7625434027777779 0.17534722222222224 0.023177083333333334 0.07458333333333333
6 0.7021875000000001 0.23733333333333334 0.01854166666666662 0.06
