2 0.10260416666666666 0.5154166666666666 0.052083333333333336 0.0625
5 0.12838541666666667 0.49166666666666664 0.0453125 0.07333333333333333
2 0.16848958333333333 0.5020833333333333 0.0203125 0.0275
6 0.06901041666666667 0.11333333333333333 0.024479166666666666 0.09333333333333334
2 0.15520833333333334 0.5025 0.005208333333333333 0.008333333333333333
6 0.39296875 0.3333333333333333 0.0234375 0.09
2 0.18880208333333334 0.49916666666666665 0.021354166666666667 0.013333333333333334
2 0.7513020833333334 0.4979166666666667 0.0078125 0.0275
2 0.05859375 0.5133333333333333 0.04114583333333333 0.045
2 0.8875 0.48333333333333334 0.07708333333333334 0.08333333333333333
