2 0.5171875 0.5308333333333334 0.05625 0.07666666666666666
5 0.41067708333333336 0.50375 0.11302083333333333 0.16916666666666666
2 0.4640625 0.505 0.005208333333333333 0.013333333333333334
6 0.2234375 0.25833333333333336 0.015625 0.06333333333333334
6 0.34791666666666665 0.26708333333333334 0.015625 0.0575
6 0.115625 0.35541666666666666 0.0125 0.04083333333333333
6 0.23463541666666668 0.4633333333333333 0.0067708333333333336 0.021666666666666667
5 0.14088541666666668 0.4995833333333333 0.0671875 0.050833333333333335
2 0.128125 0.48333333333333334 0.034375 0.03666666666666667
5 0.21015625 0.50375 0.034895833333333334 0.029166666666666667
2 0.24791666666666667 0.5033333333333333 0.017708333333333333 0.023333333333333334
2 0.28020833333333334 0.5083333333333333 0.041666666666666664 0.03333333333333333
2 0.4817708333333333 0.50375 0.0125 0.019166666666666665
6 0.440625 0.3770833333333333 0.007291666666666667 0.029166666666666667
6 0.16380208333333332 0.37041666666666667 0.011979166666666667 0.035833333333333335
6 0.49583333333333335 0.37125 0.007291666666666667 0.030833333333333334
2 0.3015625 0.5041666666666667 0.030208333333333334 0.035
2 0.13307291666666668 0.5945833333333334 0.26614583333333336 0.1925
2 0.33151041666666664 0.5075 0.0359375 0.03
6 0.6013020833333333 0.43333333333333335 0.0078125 0.03166666666666667
