2 0.5171875 0.5333333333333333 0.05 0.06666666666666667
5 0.4192708333333333 0.5116666666666667 0.10416666666666667 0.15833333333333333
6 0.2234375 0.2658333333333333 0.015625 0.06333333333333334
6 0.34791666666666665 0.27541666666666664 0.015625 0.0575
6 0.115625 0.3620833333333333 0.0125 0.04083333333333333
6 0.234375 0.4725 0.007291666666666667 0.023333333333333334
2 0.06432291666666666 0.5245833333333333 0.03802083333333333 0.025833333333333333
5 0.13645833333333332 0.49041666666666667 0.058333333333333334 0.020833333333333332
2 0.128125 0.49 0.034375 0.03
5 0.21015625 0.5025 0.034895833333333334 0.016666666666666666
2 0.24791666666666667 0.5070833333333333 0.017708333333333333 0.015833333333333335
2 0.2794270833333333 0.5141666666666667 0.04010416666666667 0.035
2 0.47942708333333334 0.51125 0.0140625 0.0175
6 0.440625 0.38208333333333333 0.007291666666666667 0.029166666666666667
6 0.16380208333333332 0.37875 0.011979166666666667 0.0375
6 0.4953125 0.37875 0.007291666666666667 0.030833333333333334
2 0.30442708333333335 0.5125 0.0359375 0.03666666666666667
2 0.19661458333333334 0.5883333333333334 0.2640625 0.175
2 0.33046875 0.5133333333333333 0.03802083333333333 0.03166666666666667
6 0.6013020833333333 0.4402777777777777 0.0078125 0.03166666666666662
2 0.027604166666666666 0.5220833333333333 0.04722222222222223 0.034166666666666665
