2 0.515625 0.5116666666666667 0.028125 0.03833333333333333
5 0.45390625 0.5 0.0578125 0.09833333333333333
2 0.38385416666666666 0.5133333333333333 0.026041666666666668 0.04666666666666667
6 0.12734375 0.4504166666666667 0.008854166666666666 0.030833333333333334
5 0.156640625 0.5008333333333334 0.032552083333333336 0.03166666666666667
2 0.184375 0.5004166666666666 0.011458333333333333 0.015833333333333335
2 0.21015625 0.5108333333333334 0.06197916666666667 0.041666666666666664
6 0.40989583333333335 0.3258333333333333 0.009375 0.04
6 0.48776041666666664 0.315 0.009895833333333333 0.041666666666666664
2 0.24895833333333334 0.5054166666666666 0.040625 0.04416666666666667
2 0.41119791666666666 0.5379166666666667 0.0765625 0.0975
2 0.2869791666666667 0.5066666666666667 0.04583333333333333 0.035
2 0.49244791666666665 0.5029166666666667 0.0234375 0.014166666666666666
2 0.12526041666666668 0.73 0.25052083333333336 0.5133333333333333
6 0.804513888888889 0.12604166666666666 0.02638888888888881 0.08375
6 0.7278125000000001 0.20991666666666664 0.021458333333333357 0.06916666666666664
6 0.6416666666666667 0.40125 0.010416666666666666 0.03916666666666667
