2 0.43828125 0.52875 0.0515625 0.06916666666666667
2 0.19088541666666667 0.62625 0.3203125 0.3025
5 0.46067708333333335 0.5020833333333333 0.043229166666666666 0.07916666666666666
2 0.5013020833333334 0.51125 0.021354166666666667 0.029166666666666667
2 0.049479166666666664 0.5558333333333333 0.026041666666666668 0.041666666666666664
6 0.47161458333333334 0.24541666666666667 0.0140625 0.060833333333333336
6 0.36276041666666664 0.2608333333333333 0.0140625 0.058333333333333334
6 0.8963541666666667 0.029583333333333333 0.036458333333333336 0.059166666666666666
2 0.48671875 0.5070833333333333 0.008854166666666666 0.0125
2 0.3658854166666667 0.5304166666666666 0.0609375 0.06916666666666667
2 0.03359375 0.5004166666666666 0.0546875 0.0175
