2 0.41354166666666664 0.5325 0.04791666666666667 0.06666666666666667
2 0.19140625 0.6158333333333333 0.28072916666666664 0.27
5 0.4348958333333333 0.5070833333333333 0.041666666666666664 0.07583333333333334
2 0.47317708333333336 0.5154166666666666 0.0203125 0.029166666666666667
2 0.04505208333333333 0.5479166666666667 0.09010416666666667 0.17416666666666666
6 0.4421875 0.23833333333333334 0.014583333333333334 0.06333333333333334
6 0.3263020833333333 0.25125 0.015104166666666667 0.0625
6 0.9002604166666667 0.016666666666666666 0.0359375 0.03333333333333333
2 0.459375 0.5125 0.007291666666666667 0.011666666666666667
2 0.32109375 0.5408333333333334 0.059895833333333336 0.07833333333333334
2 0.07916666666666666 0.5041666666666667 0.06145833333333333 0.035
