2 0.5122395833333333 0.5245833333333333 0.028645833333333332 0.04083333333333333
5 0.4466145833333333 0.5120833333333333 0.06197916666666667 0.10416666666666667
6 0.19973958333333333 0.08833333333333333 0.030729166666666665 0.11
6 0.15807291666666667 0.46875 0.008854166666666666 0.0275
5 0.05520833333333333 0.5158333333333334 0.103125 0.06
2 0.031510416666666666 0.49041666666666667 0.049479166666666664 0.04083333333333333
5 0.17838541666666666 0.5133333333333333 0.022395833333333334 0.03166666666666667
2 0.19479166666666667 0.515 0.020833333333333332 0.02666666666666667
2 0.2296875 0.5220833333333333 0.05416666666666667 0.03916666666666667
6 0.41640625 0.35375 0.008854166666666666 0.0375
6 0.035416666666666666 0.34125 0.014583333333333334 0.049166666666666664
6 0.4864583333333333 0.34458333333333335 0.009375 0.0375
2 0.26015625 0.5183333333333333 0.03697916666666667 0.04
2 0.39453125 0.555 0.0890625 0.11
2 0.29583333333333334 0.52125 0.04583333333333333 0.034166666666666665
2 0.48723958333333334 0.5158333333333334 0.022395833333333334 0.015
2 0.11302083333333333 0.7466666666666667 0.22604166666666667 0.5066666666666667
6 0.7484375 0.20208333333333334 0.021875 0.0725
6 0.6920833333333333 0.25825 0.017499999999999953 0.055166666666666704
