2 0.5203125 0.5120833333333333 0.027083333333333334 0.035833333333333335
5 0.46119791666666665 0.5 0.05364583333333333 0.095
2 0.36770833333333336 0.5204166666666666 0.05 0.05583333333333333
6 0.10494791666666667 0.44875 0.008854166666666666 0.034166666666666665
5 0.15963541666666667 0.49041666666666667 0.0234375 0.015833333333333335
2 0.20286458333333332 0.51125 0.058854166666666666 0.04583333333333333
6 0.40625 0.31333333333333335 0.010416666666666666 0.045
6 0.490625 0.3020833333333333 0.010416666666666666 0.04416666666666667
2 0.24036458333333333 0.5079166666666667 0.044270833333333336 0.04583333333333333
2 0.4236979166666667 0.5354166666666667 0.06614583333333333 0.08916666666666667
2 0.2796875 0.50875 0.052083333333333336 0.0375
2 0.49973958333333335 0.5054166666666666 0.016145833333333335 0.009166666666666667
2 0.14166666666666666 0.7370833333333333 0.2833333333333333 0.5258333333333334
6 0.8640625 0.065 0.03333333333333333 0.105
6 0.7643229166666666 0.17875 0.018229166666666668 0.0275
6 0.6593229166666666 0.39708333333333334 0.013229166666666714 0.04816666666666663
