2 0.5216145833333333 0.5145833333333333 0.024479166666666666 0.035833333333333335
5 0.46536458333333336 0.50375 0.05364583333333333 0.09083333333333334
2 0.3567708333333333 0.5241666666666667 0.057291666666666664 0.06166666666666667
6 0.09713541666666667 0.44958333333333333 0.008854166666666666 0.034166666666666665
2 0.20234375 0.51375 0.05364583333333333 0.04416666666666667
6 0.4049479166666667 0.3095833333333333 0.0109375 0.04583333333333333
6 0.49244791666666665 0.29875 0.0109375 0.0475
2 0.23541666666666666 0.51 0.05 0.05
2 0.428125 0.5366666666666666 0.06354166666666666 0.085
2 0.2786458333333333 0.5120833333333333 0.05 0.035833333333333335
2 0.5015625 0.5075 0.016666666666666666 0.013333333333333334
2 0.1484375 0.7320833333333333 0.296875 0.5358333333333334
6 0.89375 0.04583333333333333 0.034375 0.09166666666666666
6 0.6669270833333335 0.39616666666666667 0.015312500000000047 0.05066666666666663
