2 0.51875 0.5095833333333334 0.027083333333333334 0.035833333333333335
5 0.4591145833333333 0.4975 0.05572916666666667 0.09
2 0.37526041666666665 0.5145833333333333 0.04114583333333333 0.05416666666666667
6 0.11432291666666666 0.4475 0.008854166666666666 0.03333333333333333
5 0.1546875 0.49416666666666664 0.03125 0.028333333333333332
2 0.20625 0.5079166666666667 0.0625 0.0475
6 0.4075520833333333 0.3154166666666667 0.009895833333333333 0.0425
6 0.4895833333333333 0.30541666666666667 0.010416666666666666 0.04416666666666667
2 0.24375 0.5041666666666667 0.042708333333333334 0.045
2 0.41822916666666665 0.53625 0.06875 0.09416666666666666
2 0.28125 0.5054166666666666 0.051041666666666666 0.035833333333333335
2 0.49505208333333334 0.5025 0.022395833333333334 0.013333333333333334
2 0.13541666666666666 0.7354166666666667 0.2708333333333333 0.5291666666666667
6 0.8391059027777777 0.08861111111111111 0.029427083333333333 0.09666666666666666
6 0.75 0.18625 0.020833333333333332 0.0725
6 0.6520833333333333 0.3968055555555556 0.011458333333333333 0.04527777777777781
