2 0.5104166666666666 0.5270833333333333 0.028125 0.04083333333333333
5 0.4432291666666667 0.5141666666666667 0.06354166666666666 0.10666666666666667
6 0.21380208333333334 0.10958333333333334 0.028645833333333332 0.1025
6 0.16119791666666666 0.47125 0.008854166666666666 0.0275
5 0.054947916666666666 0.5166666666666667 0.10989583333333333 0.058333333333333334
2 0.03411458333333333 0.4975 0.05572916666666667 0.041666666666666664
5 0.17916666666666667 0.5158333333333334 0.020833333333333332 0.03166666666666667
2 0.19609375 0.5191666666666667 0.0203125 0.02666666666666667
2 0.23098958333333333 0.5229166666666667 0.05260416666666667 0.04083333333333333
6 0.4158854166666667 0.35833333333333334 0.008854166666666666 0.035
6 0.043229166666666666 0.34541666666666665 0.014583333333333334 0.04583333333333333
6 0.48489583333333336 0.34958333333333336 0.009375 0.0375
2 0.25859375 0.52 0.033854166666666664 0.041666666666666664
2 0.39036458333333335 0.555 0.09010416666666667 0.10833333333333334
2 0.29635416666666664 0.5225 0.042708333333333334 0.03166666666666667
2 0.48776041666666664 0.5175 0.025520833333333333 0.011666666666666667
2 0.10963541666666667 0.7504166666666666 0.21927083333333333 0.49916666666666665
6 0.7397135416666667 0.21208333333333335 0.021614583333333333 0.06916666666666667
6 0.6855208333333334 0.268 0.016875000000000046 0.05066666666666668
