2 0.390625 0.5333333333333333 0.04791666666666667 0.065
2 0.17760416666666667 0.6120833333333333 0.265625 0.25083333333333335
5 0.4114583333333333 0.5075 0.040625 0.075
2 0.44817708333333334 0.5175 0.0203125 0.028333333333333332
6 0.4153645833333333 0.23 0.015104166666666667 0.065
6 0.2947916666666667 0.24208333333333334 0.015625 0.06583333333333333
6 0.8932291666666666 0.008333333333333333 0.03229166666666667 0.016666666666666666
2 0.43515625 0.5141666666666667 0.0067708333333333336 0.011666666666666667
2 0.2890625 0.54 0.04583333333333333 0.07666666666666666
6 0.6549479166666666 0.3883333333333333 0.0203125 0.05333333333333334
2 0.04479166666666667 0.5183333333333333 0.08958333333333333 0.06
2 0.09557291666666666 0.50375 0.05572916666666667 0.04083333333333333
