2 0.4427083333333333 0.5258333333333334 0.058333333333333334 0.07833333333333334
2 0.16588541666666667 0.6741666666666667 0.33177083333333335 0.42
5 0.47317708333333336 0.49583333333333335 0.0484375 0.08666666666666667
2 0.5221354166666666 0.5058333333333334 0.0234375 0.03166666666666667
2 0.30833333333333335 0.5179166666666667 0.071875 0.09083333333333334
2 0.2669270833333333 0.50125 0.0328125 0.0325
6 0.49244791666666665 0.26875 0.011979166666666667 0.0525
6 0.3963541666666667 0.28208333333333335 0.0125 0.0525
6 0.8338541666666667 0.08708333333333333 0.03125 0.0975
6 0.06145833333333333 0.43666666666666665 0.008333333333333333 0.03333333333333333
2 0.5033854166666667 0.5 0.011979166666666667 0.011666666666666667
2 0.41119791666666666 0.5141666666666667 0.021354166666666667 0.05
2 0.2716145833333333 0.48875 0.033854166666666664 0.019166666666666665
