2 0.27630208333333334 0.5183333333333333 0.04635416666666667 0.06166666666666667
2 0.09453125 0.5779166666666666 0.1890625 0.21583333333333332
5 0.2981770833333333 0.49583333333333335 0.0421875 0.07333333333333333
2 0.33359375 0.50375 0.019270833333333334 0.0275
6 0.284375 0.18 0.01875 0.075
6 0.13854166666666667 0.18333333333333332 0.019791666666666666 0.075
2 0.32057291666666665 0.5029166666666667 0.0036458333333333334 0.010833333333333334
6 0.5486979166666667 0.3545833333333333 0.021354166666666667 0.0775
2 0.34739583333333335 0.5020833333333333 0.011458333333333333 0.010833333333333334
2 0.9083333333333333 0.49833333333333335 0.016666666666666666 0.021666666666666667
2 0.24895833333333334 0.5108333333333334 0.020833333333333332 0.03666666666666667
