2 0.51796875 0.5304166666666666 0.05364583333333333 0.0725
5 0.41510416666666666 0.5054166666666666 0.10625 0.16416666666666666
6 0.2234375 0.25833333333333336 0.015625 0.06333333333333334
6 0.34739583333333335 0.2679166666666667 0.015625 0.0575
6 0.11614583333333334 0.3570833333333333 0.0125 0.04083333333333333
6 0.23463541666666668 0.46416666666666667 0.0067708333333333336 0.021666666666666667
5 0.13932291666666666 0.4895833333333333 0.0640625 0.030833333333333334
2 0.128125 0.48333333333333334 0.034375 0.03666666666666667
5 0.21015625 0.50375 0.034895833333333334 0.029166666666666667
2 0.24791666666666667 0.5033333333333333 0.017708333333333333 0.023333333333333334
2 0.28098958333333335 0.5083333333333333 0.04010416666666667 0.03333333333333333
2 0.48072916666666665 0.50375 0.013541666666666667 0.019166666666666665
6 0.440625 0.3770833333333333 0.007291666666666667 0.029166666666666667
6 0.16380208333333332 0.37041666666666667 0.011979166666666667 0.035833333333333335
6 0.49583333333333335 0.37125 0.007291666666666667 0.030833333333333334
2 0.3033854166666667 0.5041666666666667 0.030729166666666665 0.035
2 0.16171875 0.5875 0.2828125 0.18333333333333332
2 0.3299479166666667 0.5091666666666667 0.0390625 0.02666666666666667
6 0.6013020833333333 0.43333333333333335 0.0078125 0.03166666666666667
2 0.0232421875 0.5141666666666667 0.042317708333333336 0.030833333333333334
