2 0.36041666666666666 0.5291666666666667 0.046875 0.06333333333333334
2 0.15208333333333332 0.6025 0.25416666666666665 0.24333333333333335
5 0.3802083333333333 0.5045833333333334 0.040625 0.07416666666666667
2 0.41640625 0.51375 0.019270833333333334 0.0275
6 0.3802083333333333 0.21666666666666667 0.016666666666666666 0.06833333333333333
6 0.2518229166666667 0.2275 0.016145833333333335 0.065
2 0.4041666666666667 0.5108333333333334 0.005208333333333333 0.011666666666666667
2 0.24739583333333334 0.5166666666666667 0.025 0.03666666666666667
6 0.6244791666666667 0.365 0.01875 0.07166666666666667
2 0.4283854166666667 0.50875 0.0067708333333333336 0.010833333333333334
2 0.99140625 0.4870833333333333 0.0171875 0.030833333333333334
2 0.33828125 0.5204166666666666 0.008854166666666666 0.030833333333333334
2 0.019270833333333334 0.51375 0.03854166666666667 0.059166666666666666
2 0.053125 0.5058333333333334 0.071875 0.051666666666666666
