2 0.5138020833333333 0.53875 0.044270833333333336 0.060833333333333336
5 0.4270833333333333 0.5175 0.09166666666666666 0.13666666666666666
6 0.21302083333333333 0.26625 0.016666666666666666 0.060833333333333336
6 0.3411458333333333 0.27791666666666665 0.015625 0.059166666666666666
6 0.10494791666666667 0.36625 0.0140625 0.0425
6 0.228125 0.4791666666666667 0.007291666666666667 0.023333333333333334
2 0.05625000000000001 0.5323611111111112 0.037152777777777785 0.02638888888888895
5 0.13307291666666668 0.51875 0.06822916666666666 0.05416666666666667
2 0.11927083333333334 0.4995833333333333 0.034375 0.035833333333333335
5 0.19765625 0.52375 0.016145833333333335 0.025833333333333333
2 0.4734375 0.5204166666666666 0.013541666666666667 0.0175
6 0.43645833333333334 0.39125 0.007291666666666667 0.029166666666666667
6 0.15572916666666667 0.38416666666666666 0.0125 0.03833333333333333
6 0.4921875 0.38625 0.007291666666666667 0.030833333333333334
2 0.2989583333333333 0.5083333333333333 0.030208333333333334 0.01
2 0.2833333333333333 0.58125 0.19791666666666666 0.14916666666666667
2 0.33255208333333336 0.5220833333333333 0.024479166666666666 0.0275
2 0.48828125 0.5195833333333333 0.0140625 0.014166666666666666
2 0.025520833333333333 0.8704166666666666 0.051041666666666666 0.25916666666666666
6 0.5998139880952381 0.4476190476190476 0.0078125 0.03023809523809528
2 0.022187500000000002 0.5315 0.044375000000000005 0.03599999999999994
