2 0.3770833333333333 0.5316666666666666 0.04791666666666667 0.065
2 0.16614583333333333 0.6070833333333333 0.25729166666666664 0.2475
5 0.3966145833333333 0.5066666666666667 0.04114583333333333 0.075
2 0.43307291666666664 0.5158333333333334 0.0203125 0.028333333333333332
6 0.3984375 0.22416666666666665 0.015625 0.06666666666666667
6 0.27421875 0.235 0.015104166666666667 0.06333333333333334
2 0.4203125 0.5125 0.00625 0.011666666666666667
2 0.26901041666666664 0.5325 0.03697916666666667 0.06166666666666667
6 0.6408854166666667 0.38375 0.0203125 0.0475
2 0.4453125 0.5104166666666666 0.004166666666666667 0.010833333333333334
2 0.03307291666666667 0.5175 0.06614583333333333 0.06333333333333334
2 0.07473958333333333 0.5058333333333334 0.06302083333333333 0.045
