2 0.446875 0.5258333333333334 0.05416666666666667 0.07333333333333333
2 0.17630208333333333 0.6404166666666666 0.35260416666666666 0.3441666666666667
5 0.47213541666666664 0.4975 0.0453125 0.08166666666666667
2 0.5161458333333333 0.50625 0.021875 0.029166666666666667
2 0.2703125 0.4775 0.020833333333333332 0.01
6 0.4864583333333333 0.2525 0.013541666666666667 0.056666666666666664
6 0.3828125 0.2679166666666667 0.013541666666666667 0.05416666666666667
6 0.8770833333333333 0.043333333333333335 0.034375 0.08666666666666667
6 0.023697916666666666 0.43583333333333335 0.008854166666666666 0.035
2 0.5002604166666667 0.5016666666666667 0.009895833333333333 0.011666666666666667
2 0.3963541666666667 0.5220833333333333 0.051041666666666666 0.060833333333333336
5 0.008072916666666667 0.5158333333333334 0.016145833333333335 0.04833333333333333
