2 0.509375 0.52625 0.030208333333333334 0.04083333333333333
5 0.440625 0.5125 0.06458333333333334 0.10666666666666667
6 0.006510416666666667 0.09291666666666666 0.013020833333333334 0.10583333333333333
6 0.22109375 0.11875 0.028645833333333332 0.10083333333333333
6 0.1625 0.46791666666666665 0.008333333333333333 0.0275
5 0.05911458333333333 0.5158333333333334 0.10885416666666667 0.06
2 0.03854166666666667 0.495 0.057291666666666664 0.043333333333333335
5 0.18046875 0.5125 0.021354166666666667 0.03166666666666667
2 0.19713541666666667 0.5158333333333334 0.0203125 0.02666666666666667
2 0.23229166666666667 0.5208333333333334 0.05 0.041666666666666664
6 0.415625 0.35833333333333334 0.009375 0.035
6 0.04635416666666667 0.34541666666666665 0.014583333333333334 0.04583333333333333
6 0.48411458333333335 0.35 0.008854166666666666 0.03666666666666667
2 0.25928819444444445 0.5183333333333333 0.035243055555555534 0.041666666666666664
2 0.38671875 0.5554166666666667 0.09114583333333333 0.11083333333333334
2 0.29661458333333335 0.5195833333333333 0.04114583333333333 0.0325
2 0.48463541666666665 0.5175 0.025520833333333333 0.015
2 0.10807291666666667 0.7504166666666666 0.21614583333333334 0.49916666666666665
6 0.7338975694444445 0.21875 0.02144097222222226 0.06694444444444446
